162 600
125 598
471 596
57 594
114 592
155 590
82 588
50 586
550 584
7 582
15 580
34 578
43 576
257 574
547 572
542 570
470 568
2 566
413 564
61 562
166 560
557 558
331 556
25 554
500 552
441 550
209 548
15 546
432 544
83 542
35 540
70 538
434 536
319 534
272 532
371 530
289 528
57 526
356 524
131 522
337 520
82 518
139 516
466 514
423 512
273 510
484 508
132 506
398 504
147 502
497 500
390 498
268 496
421 494
320 492
49 490
242 488
150 486
196 484
448 482
59 480
331 478
303 476
256 474
271 472
390 470
102 468
39 466
435 464
305 462
32 460
193 458
189 456
79 454
184 452
102 450
265 448
359 446
127 444
162 442
154 440
121 438
201 436
257 434
203 432
393 430
302 428
395 426
408 424
80 422
364 420
236 418
148 416
396 414
86 412
102 410
159 408
276 406
207 404
273 402
22 400
288 398
258 396
27 394
284 392
328 390
329 388
385 386
125 384
309 382
369 380
82 378
167 376
147 374
266 372
288 370
126 368
223 366
284 364
131 362
107 360
187 358
111 356
170 354
200 352
239 350
25 348
71 346
5 344
300 342
206 340
216 338
58 336
264 334
181 332
28 330
42 328
24 326
108 324
31 322
0 320
122 318
231 316
148 314
193 312
145 310
27 308
76 306
105 304
117 302
232 300
62 298
44 296
285 294
135 292
127 290
160 288
59 286
159 284
253 282
264 280
269 278
109 276
75 274
176 272
141 270
23 268
196 266
118 264
127 262
81 260
181 258
197 256
71 254
77 252
119 250
130 248
137 246
127 244
214 242
5 240
229 238
128 236
112 234
22 232
120 230
163 228
66 226
65 224
69 222
3 220
139 218
177 216
77 214
55 212
208 210
148 208
88 206
186 204
105 202
25 200
49 198
10 196
131 194
182 192
22 190
60 188
27 186
47 184
34 182
48 180
86 178
111 176
65 174
74 172
166 170
55 168
57 166
117 164
59 162
75 160
3 158
142 156
4 154
56 152
49 150
24 148
2 146
110 144
52 142
79 140
92 138
74 136
41 134
103 132
2 130
59 128
91 126
21 124
86 122
23 120
65 118
67 116
25 114
71 112
45 110
42 108
95 106
65 104
3 102
3 100
54 98
16 96
93 94
45 92
62 90
32 88
79 86
65 84
68 82
45 80
37 78
41 76
50 74
37 72
15 70
49 68
4 66
55 64
45 62
0 60
36 58
43 56
50 54
34 52
42 50
3 48
11 46
2 44
20 42
39 40
31 38
34 36
15 34
11 32
25 30
17 28
20 26
4 24
12 22
4 20
1 18
2 16
7 14
9 12
4 10
3 8
2 6
3 4
1 2
