9365 14000
853 13998
8873 13996
9683 13994
4733 13992
11066 13990
12968 13988
12929 13986
9270 13984
1366 13982
12809 13980
2753 13978
1166 13976
7787 13974
6484 13972
13122 13970
9034 13968
4830 13966
6308 13964
13953 13962
11139 13960
7619 13958
9072 13956
4122 13954
3697 13952
1982 13950
774 13948
3220 13946
3725 13944
12275 13942
12328 13940
12397 13938
9784 13936
10085 13934
4169 13932
7301 13930
8623 13928
441 13926
11513 13924
9862 13922
2931 13920
6797 13918
11364 13916
7589 13914
2860 13912
12674 13910
5991 13908
4946 13906
11886 13904
1829 13902
9508 13900
4917 13898
10362 13896
511 13894
9948 13892
10972 13890
8383 13888
9626 13886
2693 13884
13735 13882
11764 13880
11019 13878
4764 13876
9434 13874
8491 13872
5655 13870
1790 13868
6694 13866
10994 13864
10055 13862
10331 13860
11191 13858
580 13856
417 13854
9990 13852
9370 13850
9339 13848
4491 13846
1056 13844
12168 13842
12571 13840
9551 13838
16 13836
6063 13834
5551 13832
6846 13830
12455 13828
12626 13826
6113 13824
672 13822
12028 13820
13807 13818
861 13816
300 13814
3860 13812
10272 13810
6349 13808
3075 13806
3272 13804
6065 13802
9213 13800
8168 13798
8154 13796
1779 13794
1340 13792
5125 13790
10156 13788
4845 13786
7394 13784
4167 13782
1790 13780
10100 13778
12187 13776
13204 13774
5035 13772
5311 13770
11913 13768
3930 13766
10702 13764
6137 13762
8063 13760
7038 13758
4870 13756
9083 13754
6805 13752
457 13750
8030 13748
4803 13746
7941 13744
11711 13742
8508 13740
9006 13738
4003 13736
11225 13734
11067 13732
2668 13730
1289 13728
1090 13726
13381 13724
10843 13722
6166 13720
1736 13718
12891 13716
7217 13714
1120 13712
1640 13710
11630 13708
4483 13706
10031 13704
828 13702
13695 13700
10020 13698
6051 13696
64 13694
12021 13692
6528 13690
6772 13688
3984 13686
7646 13684
3425 13682
10911 13680
2086 13678
12884 13676
80 13674
12803 13672
1555 13670
9076 13668
12672 13666
6161 13664
9589 13662
11165 13660
5485 13658
10148 13656
3929 13654
11423 13652
12633 13650
1321 13648
12671 13646
13156 13644
6168 13642
11865 13640
10041 13638
13066 13636
9048 13634
6447 13632
5549 13630
11781 13628
10935 13626
6855 13624
5245 13622
8568 13620
8051 13618
9477 13616
8095 13614
11637 13612
11233 13610
12957 13608
7602 13606
2577 13604
7032 13602
8798 13600
2468 13598
1683 13596
10059 13594
3644 13592
5127 13590
5413 13588
7118 13586
2776 13584
13433 13582
4644 13580
7786 13578
74 13576
9785 13574
6935 13572
638 13570
12703 13568
6169 13566
10881 13564
10226 13562
7296 13560
11217 13558
9572 13556
4897 13554
9219 13552
11604 13550
13341 13548
11925 13546
4247 13544
11100 13542
8956 13540
5735 13538
3574 13536
12780 13534
11965 13532
9640 13530
4923 13528
4548 13526
10483 13524
11142 13522
13442 13520
4310 13518
10430 13516
10666 13514
5526 13512
7200 13510
12114 13508
2803 13506
9191 13504
1848 13502
8929 13500
6034 13498
4784 13496
9201 13494
13477 13492
11918 13490
6910 13488
9498 13486
12770 13484
6693 13482
6401 13480
2559 13478
11353 13476
9822 13474
8603 13472
11841 13470
3268 13468
1745 13466
2931 13464
2364 13462
10379 13460
3078 13458
3343 13456
893 13454
4753 13452
8413 13450
207 13448
5820 13446
5911 13444
5139 13442
12532 13440
4128 13438
4397 13436
2465 13434
4113 13432
7553 13430
10663 13428
1494 13426
3844 13424
4149 13422
7660 13420
9266 13418
5500 13416
7023 13414
11443 13412
1379 13410
12890 13408
454 13406
7846 13404
3351 13402
8124 13400
3123 13398
9343 13396
12489 13394
11883 13392
6071 13390
6842 13388
7467 13386
10912 13384
3386 13382
11144 13380
4583 13378
9168 13376
4349 13374
9360 13372
3888 13370
7139 13368
6456 13366
3703 13364
6428 13362
11071 13360
5756 13358
9436 13356
13037 13354
12705 13352
923 13350
6788 13348
3270 13346
13274 13344
9850 13342
7026 13340
6959 13338
9029 13336
1447 13334
8665 13332
8625 13330
1953 13328
4791 13326
5674 13324
2752 13322
2280 13320
1461 13318
1448 13316
6542 13314
1647 13312
4152 13310
7110 13308
3290 13306
3467 13304
122 13302
2968 13300
8652 13298
13115 13296
3767 13294
3766 13292
1696 13290
12643 13288
8993 13286
277 13284
9399 13282
8718 13280
1862 13278
10924 13276
13002 13274
5016 13272
9952 13270
5638 13268
3367 13266
76 13264
12151 13262
960 13260
1731 13258
30 13256
10943 13254
12266 13252
4181 13250
1465 13248
1317 13246
13221 13244
10669 13242
9914 13240
3267 13238
8574 13236
7907 13234
7588 13232
11731 13230
9022 13228
8082 13226
3186 13224
1343 13222
9104 13220
1353 13218
2818 13216
1474 13214
11189 13212
11557 13210
4365 13208
9952 13206
2978 13204
6168 13202
10734 13200
4148 13198
12427 13196
12262 13194
12255 13192
5058 13190
12722 13188
7149 13186
10886 13184
7256 13182
7227 13180
11222 13178
7834 13176
10372 13174
7328 13172
6235 13170
11925 13168
496 13166
7076 13164
12992 13162
8876 13160
1216 13158
11770 13156
272 13154
6401 13152
3476 13150
4068 13148
9699 13146
9524 13144
6254 13142
3847 13140
1579 13138
7707 13136
3987 13134
7381 13132
4464 13130
411 13128
1426 13126
10968 13124
4729 13122
5010 13120
2997 13118
7779 13116
12517 13114
3980 13112
6817 13110
7369 13108
5485 13106
13013 13104
12331 13102
6441 13100
12140 13098
10175 13096
9891 13094
1128 13092
6092 13090
3766 13088
5870 13086
5210 13084
8187 13082
8976 13080
8991 13078
12284 13076
11396 13074
7158 13072
3165 13070
7604 13068
1257 13066
180 13064
1819 13062
3564 13060
9665 13058
1940 13056
7867 13054
5845 13052
7427 13050
760 13048
1588 13046
7433 13044
3226 13042
7423 13040
1321 13038
4187 13036
12079 13034
1715 13032
3904 13030
12723 13028
11223 13026
11092 13024
1620 13022
8575 13020
12564 13018
8261 13016
4463 13014
1551 13012
5520 13010
6324 13008
11107 13006
11646 13004
8624 13002
11240 13000
11525 12998
7550 12996
9542 12994
12709 12992
5923 12990
10003 12988
8838 12986
7307 12984
8396 12982
10465 12980
11272 12978
9831 12976
10841 12974
8567 12972
2467 12970
1791 12968
10025 12966
1577 12964
2794 12962
10418 12960
9087 12958
11689 12956
684 12954
12145 12952
6259 12950
9385 12948
5546 12946
8091 12944
3770 12942
5871 12940
4489 12938
887 12936
6900 12934
12256 12932
12614 12930
11403 12928
6903 12926
962 12924
7813 12922
6712 12920
3515 12918
4365 12916
123 12914
7413 12912
915 12910
4656 12908
12321 12906
3564 12904
8181 12902
2174 12900
12528 12898
10312 12896
9923 12894
10329 12892
8982 12890
10485 12888
1301 12886
6770 12884
4109 12882
634 12880
2418 12878
1137 12876
11563 12874
2059 12872
5100 12870
4731 12868
5335 12866
2448 12864
2044 12862
11369 12860
821 12858
3963 12856
6759 12854
5329 12852
10993 12850
5597 12848
8817 12846
1093 12844
5539 12842
319 12840
7869 12838
4342 12836
7979 12834
12792 12832
4788 12830
2661 12828
10310 12826
12161 12824
11722 12822
6665 12820
1328 12818
314 12816
6603 12814
2761 12812
9661 12810
4008 12808
6258 12806
4479 12804
9699 12802
6218 12800
11354 12798
11316 12796
9532 12794
6540 12792
9639 12790
3681 12788
11591 12786
10514 12784
9652 12782
5743 12780
1883 12778
6415 12776
12031 12774
5661 12772
9922 12770
9822 12768
10050 12766
4570 12764
2216 12762
567 12760
4391 12758
1899 12756
1255 12754
4761 12752
5085 12750
10737 12748
2761 12746
5066 12744
11862 12742
9724 12740
4991 12738
12600 12736
10679 12734
2538 12732
10641 12730
1375 12728
6704 12726
8326 12724
2501 12722
91 12720
5130 12718
1904 12716
654 12714
8861 12712
932 12710
7378 12708
5298 12706
1777 12704
7561 12702
8550 12700
9612 12698
12349 12696
10247 12694
5191 12692
484 12690
10188 12688
4537 12686
2588 12684
9065 12682
5532 12680
9628 12678
5667 12676
11133 12674
10181 12672
7744 12670
5895 12668
8819 12666
11365 12664
6979 12662
3644 12660
3470 12658
311 12656
8532 12654
11162 12652
12291 12650
7396 12648
9656 12646
2653 12644
509 12642
324 12640
4542 12638
5658 12636
8456 12634
10945 12632
5855 12630
5851 12628
9010 12626
5119 12624
11446 12622
6749 12620
5377 12618
2258 12616
6304 12614
11736 12612
7531 12610
6099 12608
1714 12606
11345 12604
226 12602
8727 12600
7925 12598
852 12596
9307 12594
3940 12592
1954 12590
8729 12588
4093 12586
9739 12584
8629 12582
3131 12580
5095 12578
921 12576
3103 12574
2008 12572
4607 12570
3036 12568
11952 12566
6960 12564
721 12562
9475 12560
7131 12558
3092 12556
5262 12554
3941 12552
8289 12550
10211 12548
1910 12546
9475 12544
3652 12542
5142 12540
4227 12538
2226 12536
10879 12534
2659 12532
6051 12530
8076 12528
3897 12526
8648 12524
7353 12522
11939 12520
11393 12518
865 12516
9898 12514
4035 12512
10337 12510
8127 12508
9794 12506
7781 12504
7883 12502
9984 12500
2272 12498
9089 12496
12299 12494
6103 12492
2845 12490
7235 12488
1770 12486
11411 12484
7698 12482
8845 12480
10997 12478
10470 12476
2092 12474
3031 12472
2187 12470
10115 12468
1974 12466
272 12464
10871 12462
6222 12460
12146 12458
8826 12456
8459 12454
8257 12452
9104 12450
10886 12448
5279 12446
12003 12444
1565 12442
10489 12440
3524 12438
1092 12436
6267 12434
11669 12432
4771 12430
797 12428
5433 12426
6233 12424
11591 12422
11602 12420
3317 12418
8995 12416
4664 12414
7047 12412
9235 12410
6254 12408
12217 12406
10152 12404
7695 12402
5225 12400
771 12398
302 12396
11083 12394
8831 12392
711 12390
561 12388
11953 12386
3684 12384
2862 12382
9313 12380
174 12378
3182 12376
10060 12374
10410 12372
7940 12370
1119 12368
6137 12366
12229 12364
7337 12362
5404 12360
8843 12358
8182 12356
2781 12354
477 12352
8494 12350
10537 12348
11586 12346
694 12344
1472 12342
9824 12340
2612 12338
9162 12336
2921 12334
8065 12332
7338 12330
4997 12328
11044 12326
75 12324
9072 12322
10655 12320
942 12318
8174 12316
9225 12314
9805 12312
2437 12310
1915 12308
1408 12306
185 12304
11328 12302
4082 12300
5339 12298
7163 12296
3524 12294
565 12292
10241 12290
3374 12288
10422 12286
5231 12284
5955 12282
6662 12280
6794 12278
4772 12276
11791 12274
1752 12272
8804 12270
2783 12268
6204 12266
4701 12264
9787 12262
10944 12260
3134 12258
10622 12256
10551 12254
725 12252
10862 12250
1751 12248
7633 12246
3095 12244
10393 12242
3400 12240
4646 12238
4118 12236
1714 12234
5130 12232
578 12230
6385 12228
4920 12226
4189 12224
2718 12222
12168 12220
7383 12218
4550 12216
9536 12214
4298 12212
9139 12210
3279 12208
4758 12206
506 12204
9901 12202
4038 12200
3411 12198
5040 12196
2470 12194
8591 12192
5882 12190
6918 12188
2966 12186
11567 12184
8615 12182
1957 12180
9544 12178
2115 12176
10051 12174
4876 12172
11289 12170
3836 12168
6645 12166
955 12164
351 12162
4843 12160
9998 12158
3450 12156
994 12154
8868 12152
8123 12150
8494 12148
7975 12146
8051 12144
11 12142
6073 12140
118 12138
3695 12136
2565 12134
5975 12132
1770 12130
4510 12128
9119 12126
2119 12124
845 12122
8147 12120
3989 12118
11068 12116
9089 12114
8214 12112
1634 12110
7732 12108
9334 12106
2655 12104
5328 12102
3010 12100
2205 12098
8823 12096
347 12094
4734 12092
7215 12090
10698 12088
8263 12086
7119 12084
7670 12082
8867 12080
10946 12078
580 12076
5479 12074
7288 12072
4090 12070
6699 12068
10697 12066
843 12064
244 12062
4570 12060
10132 12058
731 12056
7320 12054
3440 12052
1595 12050
7146 12048
487 12046
1952 12044
7230 12042
7985 12040
11569 12038
9308 12036
9813 12034
8200 12032
2481 12030
8746 12028
1039 12026
3781 12024
4053 12022
8575 12020
5192 12018
4786 12016
8442 12014
1778 12012
843 12010
11826 12008
2015 12006
6942 12004
793 12002
7005 12000
10847 11998
11962 11996
7124 11994
4955 11992
468 11990
4201 11988
9717 11986
6039 11984
7091 11982
11279 11980
6330 11978
1388 11976
1213 11974
3727 11972
1917 11970
3265 11968
10258 11966
9774 11964
8697 11962
11685 11960
5270 11958
11109 11956
8648 11954
10658 11952
9740 11950
5657 11948
61 11946
11123 11944
647 11942
7980 11940
8454 11938
7158 11936
8293 11934
2000 11932
435 11930
2488 11928
11726 11926
6281 11924
10032 11922
2526 11920
4709 11918
6739 11916
9965 11914
2179 11912
761 11910
5818 11908
3429 11906
9976 11904
6338 11902
10902 11900
9755 11898
2130 11896
3428 11894
1262 11892
7829 11890
7321 11888
8079 11886
293 11884
9825 11882
10963 11880
10281 11878
4963 11876
1283 11874
6177 11872
70 11870
1305 11868
357 11866
7616 11864
6667 11862
905 11860
1911 11858
4132 11856
7269 11854
11470 11852
3683 11850
3969 11848
4063 11846
1427 11844
1144 11842
6724 11840
8129 11838
9884 11836
9456 11834
1398 11832
11436 11830
662 11828
4334 11826
4118 11824
8270 11822
708 11820
906 11818
1414 11816
10384 11814
9269 11812
7109 11810
5302 11808
1936 11806
8618 11804
10359 11802
2357 11800
1778 11798
4962 11796
219 11794
7090 11792
278 11790
10227 11788
2138 11786
532 11784
8946 11782
9208 11780
10521 11778
745 11776
2628 11774
4391 11772
3208 11770
8358 11768
4184 11766
2017 11764
10774 11762
10389 11760
9286 11758
6600 11756
4896 11754
10739 11752
8968 11750
8517 11748
4755 11746
2623 11744
8102 11742
5913 11740
3334 11738
7690 11736
8934 11734
1987 11732
9417 11730
334 11728
3876 11726
8724 11724
6190 11722
4223 11720
9092 11718
10523 11716
1008 11714
1 11712
6868 11710
10939 11708
459 11706
5350 11704
210 11702
10817 11700
2767 11698
1786 11696
4121 11694
10104 11692
3924 11690
9701 11688
1401 11686
7187 11684
11674 11682
1701 11680
2534 11678
7639 11676
4686 11674
11479 11672
7809 11670
8997 11668
7223 11666
1882 11664
9571 11662
7637 11660
6820 11658
5649 11656
5915 11654
9103 11652
5415 11650
8993 11648
4013 11646
10948 11644
7967 11642
3020 11640
6376 11638
5014 11636
3451 11634
9622 11632
7389 11630
5332 11628
4181 11626
4096 11624
9084 11622
4551 11620
9812 11618
9604 11616
9809 11614
5377 11612
10317 11610
1140 11608
4895 11606
7212 11604
4779 11602
6830 11600
6851 11598
6142 11596
5676 11594
9883 11592
7612 11590
8704 11588
9367 11586
15 11584
88 11582
7550 11580
9216 11578
8707 11576
10934 11574
10591 11572
3180 11570
750 11568
1578 11566
5551 11564
5589 11562
8085 11560
5883 11558
8271 11556
1065 11554
10970 11552
7633 11550
250 11548
3900 11546
4264 11544
11031 11542
9586 11540
2004 11538
2372 11536
6234 11534
963 11532
10024 11530
2646 11528
3799 11526
4713 11524
4391 11522
9424 11520
2063 11518
11343 11516
6478 11514
3175 11512
4481 11510
810 11508
10259 11506
8912 11504
538 11502
8342 11500
2385 11498
2314 11496
2751 11494
7384 11492
10126 11490
7367 11488
862 11486
1961 11484
2698 11482
10313 11480
6762 11478
5200 11476
8797 11474
7362 11472
8818 11470
11208 11468
59 11466
6516 11464
6881 11462
2040 11460
2996 11458
2590 11456
1181 11454
2365 11452
4653 11450
9454 11448
6596 11446
5891 11444
3562 11442
7213 11440
4950 11438
5001 11436
5115 11434
7702 11432
5325 11430
4152 11428
2048 11426
5050 11424
6181 11422
1486 11420
143 11418
2223 11416
1539 11414
2721 11412
8614 11410
5087 11408
11207 11406
10347 11404
4792 11402
14 11400
5343 11398
2831 11396
7437 11394
10124 11392
11068 11390
3666 11388
5969 11386
9703 11384
5603 11382
10363 11380
6350 11378
1971 11376
10793 11374
5717 11372
704 11370
2402 11368
11194 11366
10355 11364
3519 11362
8528 11360
7048 11358
8561 11356
11287 11354
8932 11352
5369 11350
4633 11348
8225 11346
4252 11344
4030 11342
4817 11340
11194 11338
8934 11336
2429 11334
10824 11332
2101 11330
2049 11328
1457 11326
8265 11324
174 11322
4979 11320
4418 11318
10574 11316
10756 11314
8683 11312
8534 11310
2971 11308
146 11306
734 11304
9212 11302
416 11300
8292 11298
6410 11296
8144 11294
5010 11292
3439 11290
4467 11288
3084 11286
8728 11284
3139 11282
6042 11280
9706 11278
6124 11276
6443 11274
4515 11272
8323 11270
10543 11268
2726 11266
8449 11264
6146 11262
2894 11260
1159 11258
2766 11256
10701 11254
9710 11252
10749 11250
7684 11248
7073 11246
342 11244
534 11242
1418 11240
3711 11238
4181 11236
3522 11234
2281 11232
6603 11230
225 11228
1147 11226
1909 11224
710 11222
2643 11220
10033 11218
8072 11216
7709 11214
5712 11212
6532 11210
4527 11208
8288 11206
1712 11204
8629 11202
7202 11200
2137 11198
525 11196
3534 11194
4014 11192
797 11190
9352 11188
4083 11186
9863 11184
7353 11182
333 11180
10593 11178
7081 11176
7225 11174
5555 11172
5769 11170
2891 11168
3802 11166
8208 11164
776 11162
1176 11160
1950 11158
6223 11156
9429 11154
9177 11152
6427 11150
202 11148
6766 11146
6359 11144
1089 11142
4174 11140
3880 11138
764 11136
3678 11134
418 11132
4348 11130
887 11128
4542 11126
8471 11124
4341 11122
7346 11120
6304 11118
9483 11116
1177 11114
8030 11112
9851 11110
5948 11108
8333 11106
8382 11104
9458 11102
6144 11100
224 11098
7560 11096
6358 11094
4118 11092
6708 11090
2437 11088
3404 11086
6476 11084
4385 11082
7328 11080
7739 11078
7859 11076
1509 11074
10691 11072
5401 11070
9991 11068
3523 11066
3266 11064
9225 11062
385 11060
5838 11058
8084 11056
10947 11054
2696 11052
8597 11050
8691 11048
2581 11046
1621 11044
1199 11042
6952 11040
4152 11038
8232 11036
3405 11034
10718 11032
7330 11030
6200 11028
10749 11026
8411 11024
10601 11022
8266 11020
7140 11018
9155 11016
7824 11014
374 11012
3641 11010
8672 11008
9879 11006
571 11004
10786 11002
7316 11000
1670 10998
10992 10996
522 10994
4175 10992
2477 10990
5750 10988
7445 10986
9288 10984
6946 10982
224 10980
7539 10978
1202 10976
8825 10974
1686 10972
10243 10970
5899 10968
8626 10966
2606 10964
5919 10962
2753 10960
4921 10958
4128 10956
4594 10954
2022 10952
507 10950
376 10948
9994 10946
5466 10944
7557 10942
9606 10940
1492 10938
9460 10936
6751 10934
7867 10932
4025 10930
6594 10928
1004 10926
2639 10924
1913 10922
10407 10920
494 10918
3769 10916
6404 10914
9305 10912
2491 10910
1080 10908
6784 10906
7076 10904
3690 10902
5612 10900
8347 10898
6904 10896
5980 10894
7439 10892
3124 10890
3265 10888
2157 10886
10097 10884
2191 10882
3487 10880
9080 10878
5655 10876
9053 10874
7089 10872
7095 10870
7857 10868
9574 10866
727 10864
8767 10862
1434 10860
7231 10858
8376 10856
10058 10854
3274 10852
7845 10850
3715 10848
8638 10846
3098 10844
1607 10842
365 10840
1795 10838
3675 10836
7544 10834
6435 10832
6786 10830
6161 10828
8914 10826
3812 10824
9579 10822
7985 10820
7954 10818
8715 10816
4398 10814
3953 10812
3926 10810
3908 10808
7412 10806
3668 10804
130 10802
8428 10800
2163 10798
7069 10796
5693 10794
6222 10792
7991 10790
5123 10788
5465 10786
8742 10784
6981 10782
10585 10780
5989 10778
9677 10776
4632 10774
2178 10772
5696 10770
1667 10768
2972 10766
8936 10764
1401 10762
9296 10760
7140 10758
10385 10756
8564 10754
6932 10752
6918 10750
10445 10748
1797 10746
304 10744
6977 10742
6281 10740
8299 10738
8411 10736
6766 10734
8127 10732
9980 10730
1592 10728
2442 10726
3037 10724
6905 10722
5235 10720
9276 10718
1697 10716
4991 10714
2623 10712
8387 10710
9439 10708
6260 10706
5135 10704
2414 10702
8684 10700
10387 10698
3852 10696
8580 10694
5393 10692
9546 10690
1539 10688
4483 10686
5606 10684
1351 10682
5103 10680
10624 10678
1683 10676
9822 10674
2650 10672
5036 10670
5450 10668
8801 10666
4952 10664
4080 10662
1134 10660
3894 10658
10483 10656
1086 10654
6447 10652
2614 10650
3186 10648
8582 10646
6741 10644
4363 10642
9187 10640
6408 10638
2480 10636
2693 10634
4226 10632
3728 10630
6299 10628
7808 10626
8938 10624
1010 10622
7178 10620
4278 10618
366 10616
7482 10614
5327 10612
5104 10610
4613 10608
9084 10606
8923 10604
6794 10602
1919 10600
6698 10598
4317 10596
5945 10594
4902 10592
1526 10590
4407 10588
3834 10586
1993 10584
928 10582
6775 10580
5789 10578
9439 10576
5504 10574
3595 10572
6708 10570
9615 10568
4916 10566
9011 10564
8576 10562
8446 10560
5447 10558
3200 10556
432 10554
1597 10552
9811 10550
2773 10548
10308 10546
6598 10544
8685 10542
1925 10540
1043 10538
9181 10536
6196 10534
10077 10532
4406 10530
8413 10528
3236 10526
9862 10524
278 10522
9966 10520
1822 10518
5595 10516
7290 10514
2222 10512
3492 10510
8639 10508
8444 10506
7155 10504
1192 10502
8354 10500
6177 10498
9844 10496
5495 10494
397 10492
1120 10490
9124 10488
10393 10486
10303 10484
8387 10482
6545 10480
3296 10478
122 10476
6956 10474
7975 10472
349 10470
8148 10468
8732 10466
39 10464
6946 10462
10306 10460
3872 10458
4719 10456
10141 10454
3469 10452
9498 10450
9079 10448
6683 10446
6771 10444
9026 10442
5921 10440
9963 10438
10403 10436
8980 10434
8153 10432
693 10430
6722 10428
6436 10426
7858 10424
1597 10422
2468 10420
5916 10418
3058 10416
9106 10414
2049 10412
590 10410
692 10408
9649 10406
3553 10404
7978 10402
5046 10400
10334 10398
547 10396
1267 10394
4360 10392
542 10390
4679 10388
9926 10386
4614 10384
10236 10382
9100 10380
4869 10378
5742 10376
10369 10374
1730 10372
2434 10370
1643 10368
5483 10366
898 10364
1433 10362
2501 10360
6330 10358
3064 10356
1933 10354
8452 10352
6441 10350
9287 10348
3188 10346
9100 10344
7776 10342
9798 10340
249 10338
9591 10336
7721 10334
6619 10332
5725 10330
6472 10328
5448 10326
3632 10324
8467 10322
5931 10320
7730 10318
4857 10316
10030 10314
4224 10312
5039 10310
2099 10308
4378 10306
9618 10304
1550 10302
7941 10300
2201 10298
9861 10296
4745 10294
3671 10292
9138 10290
6739 10288
5133 10286
4062 10284
6671 10282
6798 10280
1336 10278
3067 10276
3894 10274
4375 10272
7272 10270
5933 10268
1199 10266
794 10264
4174 10262
4426 10260
8665 10258
6993 10256
6391 10254
10134 10252
8882 10250
7381 10248
2671 10246
8269 10244
7007 10242
8960 10240
9061 10238
6327 10236
4767 10234
7750 10232
5142 10230
395 10228
6380 10226
3758 10224
5656 10222
1027 10220
7399 10218
8546 10216
2753 10214
10088 10212
4955 10210
4497 10208
10110 10206
3709 10204
6388 10202
7957 10200
4916 10198
38 10196
4494 10194
1979 10192
1180 10190
5685 10188
2 10186
6666 10184
2100 10182
5710 10180
6864 10178
10151 10176
8815 10174
5510 10172
7409 10170
8361 10168
4350 10166
398 10164
1440 10162
6062 10160
4255 10158
4843 10156
8703 10154
8132 10152
6386 10150
8878 10148
2661 10146
5108 10144
5903 10142
9461 10140
6591 10138
7600 10136
3699 10134
3238 10132
5698 10130
1339 10128
8330 10126
718 10124
2127 10122
1347 10120
9049 10118
4796 10116
2051 10114
9024 10112
6391 10110
9258 10108
2989 10106
8685 10104
8867 10102
2569 10100
389 10098
3079 10096
328 10094
9426 10092
6925 10090
5257 10088
9562 10086
116 10084
5469 10082
4738 10080
4026 10078
8131 10076
984 10074
9340 10072
8772 10070
1522 10068
1565 10066
2229 10064
5848 10062
919 10060
3766 10058
7174 10056
5078 10054
258 10052
6003 10050
785 10048
3121 10046
6065 10044
2903 10042
6178 10040
7175 10038
3097 10036
6571 10034
7523 10032
2304 10030
4798 10028
4357 10026
864 10024
8638 10022
2867 10020
7498 10018
7879 10016
9844 10014
1827 10012
6397 10010
7014 10008
3046 10006
9974 10004
5538 10002
5719 10000
2911 9998
2279 9996
430 9994
9637 9992
1479 9990
1685 9988
4311 9986
7990 9984
5738 9982
8191 9980
6373 9978
4432 9976
1322 9974
3355 9972
1894 9970
1824 9968
9611 9966
5135 9964
6710 9962
6862 9960
6877 9958
8964 9956
5337 9954
1728 9952
8800 9950
5013 9948
4172 9946
4405 9944
1231 9942
9403 9940
5180 9938
2693 9936
3992 9934
6694 9932
5959 9930
7746 9928
3827 9926
9885 9924
5603 9922
6194 9920
2299 9918
4267 9916
4839 9914
7123 9912
1535 9910
647 9908
1618 9906
6845 9904
172 9902
4586 9900
6526 9898
1717 9896
8788 9894
5668 9892
5258 9890
7795 9888
2698 9886
8044 9884
7522 9882
7837 9880
8932 9878
2044 9876
866 9874
6374 9872
9759 9870
6798 9868
5654 9866
5493 9864
7566 9862
1050 9860
7783 9858
1568 9856
4017 9854
3454 9852
5362 9850
1843 9848
5664 9846
7658 9844
7726 9842
5604 9840
5561 9838
357 9836
3231 9834
5818 9832
1472 9830
2661 9828
9445 9826
716 9824
9812 9822
2465 9820
5240 9818
9812 9816
373 9814
7680 9812
1841 9810
7485 9808
8195 9806
280 9804
7315 9802
4476 9800
3037 9798
3651 9796
6821 9794
5316 9792
1908 9790
8023 9788
482 9786
1029 9784
1052 9782
4893 9780
1968 9778
4781 9776
9644 9774
6069 9772
372 9770
5255 9768
4421 9766
7864 9764
7791 9762
7041 9760
8093 9758
7219 9756
5841 9754
9475 9752
2175 9750
9470 9748
4802 9746
6241 9744
8459 9742
4832 9740
3378 9738
8433 9736
3699 9734
5949 9732
3413 9730
982 9728
4686 9726
6468 9724
6454 9722
5518 9720
4579 9718
2273 9716
9594 9714
16 9712
7682 9710
7996 9708
4603 9706
2639 9704
5786 9702
465 9700
471 9698
8111 9696
507 9694
5551 9692
2717 9690
9395 9688
9194 9686
3113 9684
5163 9682
6605 9680
504 9678
993 9676
9532 9674
7188 9672
5257 9670
3370 9668
534 9666
6620 9664
7907 9662
8123 9660
8301 9658
2329 9656
9187 9654
4289 9652
2698 9650
6342 9648
5875 9646
2006 9644
5349 9642
2078 9640
9276 9638
1132 9636
5216 9634
4987 9632
7487 9630
3992 9628
8906 9626
4768 9624
6238 9622
6123 9620
8210 9618
7679 9616
633 9614
3060 9612
8732 9610
995 9608
1279 9606
1268 9604
4862 9602
7322 9600
7545 9598
2639 9596
3055 9594
6041 9592
2685 9590
9349 9588
1644 9586
7148 9584
8970 9582
7181 9580
1904 9578
3600 9576
4579 9574
2649 9572
2243 9570
3767 9568
7612 9566
3333 9564
7445 9562
5361 9560
2087 9558
6216 9556
1880 9554
5070 9552
8350 9550
6032 9548
2213 9546
4225 9544
3487 9542
5345 9540
3468 9538
6581 9536
5984 9534
5036 9532
7108 9530
4145 9528
6017 9526
2212 9524
9088 9522
904 9520
6378 9518
105 9516
7600 9514
1471 9512
5668 9510
9146 9508
5482 9506
4740 9504
6896 9502
8363 9500
3282 9498
3741 9496
1072 9494
4399 9492
6049 9490
5019 9488
271 9486
2482 9484
5911 9482
1628 9480
5011 9478
7554 9476
3508 9474
7678 9472
8578 9470
2025 9468
1728 9466
4121 9464
2593 9462
44 9460
2701 9458
7421 9456
110 9454
2185 9452
3120 9450
3823 9448
3784 9446
6215 9444
2624 9442
890 9440
6435 9438
1468 9436
3081 9434
7464 9432
2751 9430
4690 9428
2600 9426
3964 9424
1621 9422
4938 9420
7988 9418
6369 9416
8054 9414
779 9412
5938 9410
8672 9408
2958 9406
982 9404
3812 9402
8695 9400
8806 9398
479 9396
8191 9394
6296 9392
1156 9390
1248 9388
342 9386
8408 9384
9270 9382
7791 9380
1759 9378
6263 9376
9071 9374
6572 9372
5883 9370
4788 9368
8210 9366
7719 9364
7324 9362
4929 9360
4740 9358
2301 9356
3016 9354
8181 9352
4710 9350
7622 9348
5492 9346
6459 9344
470 9342
6529 9340
626 9338
9240 9336
8067 9334
9158 9332
2505 9330
4749 9328
5446 9326
1941 9324
4454 9322
6913 9320
1054 9318
4453 9316
1752 9314
7665 9312
3831 9310
8648 9308
2397 9306
4133 9304
830 9302
1280 9300
8400 9298
6542 9296
2631 9294
156 9292
1021 9290
6356 9288
1313 9286
4388 9284
1068 9282
1356 9280
6892 9278
4398 9276
7079 9274
5086 9272
8329 9270
9267 9268
5313 9266
4961 9264
68 9262
4071 9260
3670 9258
7389 9256
8208 9254
4059 9252
1622 9250
5754 9248
6418 9246
8162 9244
6972 9242
823 9240
684 9238
7450 9236
6925 9234
4903 9232
1910 9230
5975 9228
4782 9226
7090 9224
8619 9222
2784 9220
1368 9218
6002 9216
5701 9214
949 9212
8939 9210
2730 9208
6187 9206
9189 9204
4019 9202
6094 9200
2443 9198
238 9196
4169 9194
5495 9192
5806 9190
2731 9188
491 9186
7211 9184
1854 9182
6503 9180
4036 9178
844 9176
993 9174
6703 9172
456 9170
8041 9168
6609 9166
1077 9164
899 9162
8623 9160
5971 9158
4085 9156
7265 9154
2253 9152
5366 9150
429 9148
6055 9146
2457 9144
2020 9142
6435 9140
1471 9138
3268 9136
9116 9134
5480 9132
3076 9130
853 9128
7348 9126
8117 9124
5628 9122
5074 9120
3387 9118
5535 9116
2299 9114
5368 9112
1166 9110
7652 9108
5200 9106
7240 9104
8045 9102
4819 9100
5515 9098
5935 9096
7570 9094
820 9092
8586 9090
8936 9088
3825 9086
8721 9084
4262 9082
9056 9080
3128 9078
1721 9076
5810 9074
3354 9072
3414 9070
3618 9068
897 9066
1840 9064
4897 9062
1242 9060
2800 9058
6736 9056
2140 9054
2236 9052
8708 9050
1444 9048
670 9046
8161 9044
2440 9042
3593 9040
4925 9038
7319 9036
5428 9034
8822 9032
7822 9030
6027 9028
6894 9026
2766 9024
8539 9022
1330 9020
4396 9018
2461 9016
2066 9014
2854 9012
898 9010
517 9008
8891 9006
7366 9004
3385 9002
7753 9000
5131 8998
3852 8996
6994 8994
7456 8992
620 8990
6576 8988
6967 8986
5395 8984
823 8982
2477 8980
3521 8978
6863 8976
4505 8974
3289 8972
5188 8970
739 8968
6141 8966
502 8964
3962 8962
7885 8960
6507 8958
2882 8956
6488 8954
6213 8952
4791 8950
8367 8948
2635 8946
4422 8944
7569 8942
4318 8940
13 8938
6940 8936
273 8934
1531 8932
6478 8930
2346 8928
3598 8926
1510 8924
6951 8922
8792 8920
902 8918
7054 8916
8436 8914
2791 8912
2105 8910
5771 8908
5079 8906
4513 8904
4635 8902
4757 8900
2467 8898
3494 8896
5110 8894
6765 8892
3738 8890
2086 8888
287 8886
6705 8884
2418 8882
8220 8880
8747 8878
5500 8876
7320 8874
2918 8872
8401 8870
2991 8868
6800 8866
5711 8864
8721 8862
8685 8860
123 8858
933 8856
8320 8854
2332 8852
2730 8850
8241 8848
7086 8846
4565 8844
2704 8842
2058 8840
5375 8838
2170 8836
544 8834
2692 8832
1422 8830
1292 8828
6181 8826
3680 8824
4372 8822
290 8820
1479 8818
183 8816
7817 8814
2157 8812
1413 8810
7478 8808
1751 8806
1593 8804
1329 8802
5950 8800
8570 8798
6470 8796
3807 8794
4584 8792
2658 8790
532 8788
1474 8786
4506 8784
7778 8782
1557 8780
4849 8778
5407 8776
312 8774
746 8772
636 8770
2155 8768
7080 8766
6118 8764
3526 8762
5009 8760
5353 8758
3797 8756
8388 8754
17 8752
6663 8750
8420 8748
1982 8746
2330 8744
6782 8742
6609 8740
4956 8738
7841 8736
6131 8734
5788 8732
2190 8730
456 8728
7409 8726
8030 8724
364 8722
6623 8720
675 8718
2868 8716
3834 8714
8063 8712
5174 8710
4188 8708
231 8706
6900 8704
1525 8702
2741 8700
7593 8698
7185 8696
4394 8694
2770 8692
6012 8690
6836 8688
4056 8686
5072 8684
5231 8682
3785 8680
2350 8678
5323 8676
4906 8674
5533 8672
6323 8670
1074 8668
5221 8666
2738 8664
4286 8662
5649 8660
1898 8658
2258 8656
7432 8654
4814 8652
2212 8650
4717 8648
6206 8646
865 8644
5489 8642
1088 8640
928 8638
7490 8636
2777 8634
6043 8632
1692 8630
244 8628
7333 8626
1493 8624
6951 8622
8058 8620
1638 8618
5446 8616
8436 8614
5745 8612
6314 8610
1857 8608
8404 8606
861 8604
8314 8602
6073 8600
1931 8598
7586 8596
3908 8594
615 8592
353 8590
4660 8588
897 8586
7820 8584
4279 8582
3886 8580
3064 8578
2961 8576
6407 8574
7075 8572
6764 8570
5971 8568
1104 8566
7124 8564
5695 8562
6043 8560
204 8558
2734 8556
5715 8554
724 8552
1473 8550
4173 8548
4441 8546
2769 8544
6815 8542
7299 8540
5056 8538
7427 8536
5145 8534
5684 8532
5443 8530
2511 8528
1131 8526
7853 8524
5461 8522
43 8520
6848 8518
1832 8516
4744 8514
6703 8512
54 8510
4892 8508
3711 8506
7917 8504
2313 8502
6885 8500
420 8498
2746 8496
2460 8494
6462 8492
4847 8490
5326 8488
5622 8486
7926 8484
7378 8482
4966 8480
581 8478
1906 8476
8084 8474
3730 8472
6959 8470
3207 8468
3692 8466
4412 8464
5598 8462
4736 8460
1129 8458
4208 8456
5766 8454
412 8452
2114 8450
2431 8448
2031 8446
2398 8444
3262 8442
823 8440
1845 8438
1557 8436
47 8434
6467 8432
1941 8430
6257 8428
4886 8426
2409 8424
6702 8422
3092 8420
6089 8418
6821 8416
6851 8414
8090 8412
2994 8410
8167 8408
1318 8406
4888 8404
160 8402
4099 8400
1003 8398
3464 8396
1050 8394
4788 8392
6525 8390
5033 8388
5818 8386
8266 8384
4648 8382
1762 8380
5592 8378
7589 8376
975 8374
6508 8372
6227 8370
1301 8368
4734 8366
4380 8364
7875 8362
3164 8360
2932 8358
917 8356
8235 8354
5587 8352
7239 8350
2827 8348
2418 8346
5696 8344
5680 8342
7847 8340
7282 8338
5627 8336
240 8334
4833 8332
5064 8330
5201 8328
3935 8326
8291 8324
2807 8322
4132 8320
522 8318
6175 8316
4182 8314
7481 8312
2381 8310
6621 8308
5751 8306
2585 8304
6948 8302
5266 8300
4678 8298
7278 8296
2582 8294
546 8292
3923 8290
104 8288
7942 8286
7968 8284
1888 8282
7664 8280
282 8278
6393 8276
6456 8274
7317 8272
1096 8270
4567 8268
6969 8266
3107 8264
5549 8262
1454 8260
3848 8258
6665 8256
1019 8254
7960 8252
5079 8250
2742 8248
7455 8246
6252 8244
524 8242
484 8240
5219 8238
4031 8236
6409 8234
6655 8232
6682 8230
1072 8228
6530 8226
5274 8224
183 8222
7809 8220
7860 8218
3789 8216
1773 8214
802 8212
7297 8210
7833 8208
5372 8206
1574 8204
982 8202
5031 8200
3748 8198
7977 8196
7402 8194
1197 8192
2880 8190
7904 8188
2912 8186
2502 8184
7791 8182
1364 8180
2338 8178
3106 8176
7282 8174
6644 8172
3371 8170
7017 8168
453 8166
1221 8164
4447 8162
4054 8160
7723 8158
7474 8156
353 8154
5512 8152
4996 8150
6589 8148
7479 8146
6828 8144
42 8142
4905 8140
5941 8138
6199 8136
3516 8134
1418 8132
2644 8130
2324 8128
5704 8126
5283 8124
1931 8122
3944 8120
93 8118
1084 8116
1458 8114
5230 8112
5326 8110
5837 8108
2791 8106
1780 8104
7691 8102
4115 8100
3930 8098
3888 8096
4222 8094
4145 8092
6535 8090
613 8088
1551 8086
1841 8084
3367 8082
2906 8080
3925 8078
3446 8076
7605 8074
5116 8072
153 8070
714 8068
195 8066
4121 8064
2662 8062
5309 8060
5017 8058
97 8056
5025 8054
465 8052
63 8050
5306 8048
3327 8046
4339 8044
6542 8042
1258 8040
361 8038
669 8036
5138 8034
1571 8032
2597 8030
2083 8028
7888 8026
5244 8024
2228 8022
4408 8020
4772 8018
6126 8016
909 8014
2010 8012
7149 8010
1522 8008
7693 8006
6820 8004
7591 8002
6524 8000
6577 7998
1219 7996
2463 7994
5162 7992
1734 7990
3174 7988
2966 7986
707 7984
6897 7982
49 7980
4887 7978
2655 7976
3134 7974
5014 7972
5310 7970
7242 7968
2395 7966
2761 7964
5025 7962
5501 7960
7822 7958
4505 7956
7637 7954
6470 7952
6844 7950
1226 7948
7667 7946
6892 7944
4956 7942
5127 7940
2236 7938
4968 7936
6153 7934
6522 7932
977 7930
3510 7928
985 7926
4522 7924
7826 7922
6440 7920
925 7918
1568 7916
4256 7914
6590 7912
1708 7910
4094 7908
374 7906
6755 7904
4189 7902
4207 7900
4551 7898
2086 7896
5347 7894
6260 7892
3803 7890
6641 7888
5998 7886
4242 7884
2617 7882
7839 7880
642 7878
5983 7876
6572 7874
7734 7872
3648 7870
2006 7868
1341 7866
7566 7864
5978 7862
313 7860
3215 7858
2594 7856
7610 7854
6362 7852
138 7850
7156 7848
5226 7846
3959 7844
5344 7842
5996 7840
2539 7838
1786 7836
4591 7834
7186 7832
4348 7830
786 7828
1759 7826
5534 7824
1989 7822
2997 7820
3926 7818
1290 7816
5629 7814
7571 7812
3465 7810
6656 7808
1476 7806
1161 7804
4460 7802
5600 7800
380 7798
6920 7796
5796 7794
5155 7792
5132 7790
5849 7788
106 7786
2496 7784
7726 7782
6547 7780
5696 7778
1726 7776
4200 7774
4748 7772
4949 7770
3478 7768
6024 7766
721 7764
5214 7762
20 7760
6969 7758
2847 7756
1307 7754
2891 7752
344 7750
4511 7748
3021 7746
6786 7744
2761 7742
5246 7740
7485 7738
5626 7736
5356 7734
5009 7732
1368 7730
1741 7728
381 7726
885 7724
3511 7722
1370 7720
2703 7718
3537 7716
3774 7714
5444 7712
6301 7710
4143 7708
682 7706
1900 7704
7342 7702
6391 7700
6085 7698
4692 7696
4676 7694
3950 7692
6668 7690
7439 7688
214 7686
655 7684
5091 7682
1861 7680
4380 7678
5131 7676
1408 7674
6570 7672
1101 7670
2835 7668
5738 7666
925 7664
6618 7662
169 7660
1828 7658
5594 7656
1799 7654
2512 7652
5375 7650
5878 7648
4752 7646
2598 7644
2507 7642
918 7640
6102 7638
5575 7636
1328 7634
1702 7632
2409 7630
1395 7628
2149 7626
4249 7624
3325 7622
3215 7620
7601 7618
3800 7616
6397 7614
6243 7612
4766 7610
7060 7608
2646 7606
2837 7604
4676 7602
1934 7600
5875 7598
6653 7596
5898 7594
5954 7592
554 7590
4289 7588
3004 7586
3665 7584
3394 7582
3361 7580
355 7578
3659 7576
6205 7574
3609 7572
6869 7570
3204 7568
4924 7566
3279 7564
5836 7562
582 7560
5038 7558
4590 7556
3582 7554
6621 7552
2770 7550
4688 7548
4813 7546
25 7544
6262 7542
3314 7540
3272 7538
5923 7536
3046 7534
1745 7532
2310 7530
5801 7528
4219 7526
1459 7524
7206 7522
3601 7520
2775 7518
2166 7516
2805 7514
852 7512
2731 7510
2436 7508
1489 7506
936 7504
1505 7502
3342 7500
953 7498
5974 7496
692 7494
6414 7492
3116 7490
3404 7488
1940 7486
4396 7484
251 7482
3672 7480
970 7478
4378 7476
2657 7474
872 7472
729 7470
1361 7468
5468 7466
2556 7464
1557 7462
788 7460
5115 7458
1461 7456
7 7454
4087 7452
4177 7450
5466 7448
5198 7446
2519 7444
6792 7442
3691 7440
3628 7438
912 7436
345 7434
2847 7432
4613 7430
724 7428
6689 7426
3455 7424
1369 7422
2402 7420
5722 7418
5880 7416
2734 7414
1284 7412
1378 7410
2121 7408
5329 7406
1765 7404
6151 7402
6308 7400
4775 7398
1824 7396
7083 7394
1813 7392
5711 7390
6026 7388
300 7386
5797 7384
3999 7382
5458 7380
6938 7378
4402 7376
573 7374
6011 7372
4337 7370
3955 7368
5365 7366
5389 7364
5049 7362
2319 7360
7209 7358
4356 7356
2164 7354
1202 7352
162 7350
2822 7348
5269 7346
4167 7344
7254 7342
1961 7340
628 7338
3369 7336
2093 7334
727 7332
339 7330
3186 7328
1943 7326
7299 7324
7215 7322
2952 7320
3402 7318
2486 7316
2077 7314
6745 7312
5304 7310
2907 7308
1266 7306
4150 7304
2315 7302
6408 7300
5509 7298
121 7296
4763 7294
2897 7292
4137 7290
1508 7288
957 7286
3398 7284
4449 7282
1869 7280
5807 7278
2112 7276
654 7274
1038 7272
3010 7270
3292 7268
5385 7266
7260 7264
331 7262
6729 7260
458 7258
6305 7256
6542 7254
4356 7252
6647 7250
3591 7248
2505 7246
6581 7244
5874 7242
6098 7240
5923 7238
1728 7236
425 7234
6104 7232
5925 7230
633 7228
6808 7226
465 7224
1478 7222
29 7220
6558 7218
3814 7216
4691 7214
6078 7212
446 7210
4616 7208
6699 7206
6349 7204
5878 7202
174 7200
4493 7198
2456 7196
3218 7194
1606 7192
1405 7190
6142 7188
262 7186
474 7184
3273 7182
6502 7180
6468 7178
4732 7176
4490 7174
6320 7172
1820 7170
566 7168
1563 7166
1505 7164
4418 7162
6566 7160
6021 7158
6899 7156
4402 7154
3074 7152
297 7150
942 7148
2693 7146
4419 7144
5287 7142
5950 7140
5334 7138
6048 7136
7021 7134
1205 7132
4636 7130
4458 7128
6839 7126
6875 7124
6571 7122
5512 7120
3087 7118
2688 7116
2956 7114
4440 7112
2855 7110
6872 7108
6545 7106
976 7104
5091 7102
4818 7100
2306 7098
355 7096
132 7094
483 7092
83 7090
3512 7088
6650 7086
4932 7084
6335 7082
2304 7080
3304 7078
5875 7076
5802 7074
1955 7072
201 7070
2087 7068
2189 7066
2902 7064
6627 7062
3327 7060
5402 7058
4308 7056
4785 7054
6551 7052
3401 7050
2191 7048
1648 7046
2474 7044
6584 7042
3840 7040
4847 7038
1107 7036
5930 7034
1530 7032
733 7030
4844 7028
1327 7026
4618 7024
6202 7022
5647 7020
3156 7018
4090 7016
3258 7014
3787 7012
1804 7010
6616 7008
563 7006
6423 7004
1485 7002
2391 7000
4798 6998
5254 6996
4459 6994
5511 6992
2044 6990
812 6988
490 6986
4458 6984
4086 6982
6027 6980
6736 6978
5243 6976
2949 6974
499 6972
6665 6970
1807 6968
89 6966
404 6964
3881 6962
2398 6960
3930 6958
4301 6956
3377 6954
3512 6952
2180 6950
2389 6948
6647 6946
1204 6944
1639 6942
506 6940
6908 6938
6190 6936
2847 6934
6548 6932
4402 6930
3489 6928
991 6926
2205 6924
5569 6922
2341 6920
2440 6918
5065 6916
1487 6914
1124 6912
4288 6910
6677 6908
5415 6906
5009 6904
146 6902
4225 6900
1289 6898
3412 6896
6509 6894
4494 6892
764 6890
387 6888
5151 6886
528 6884
4255 6882
4613 6880
4980 6878
3965 6876
1690 6874
2618 6872
6482 6870
2827 6868
5363 6866
525 6864
3138 6862
6297 6860
4221 6858
3538 6856
5752 6854
5322 6852
3642 6850
2953 6848
5972 6846
4037 6844
6520 6842
1468 6840
2397 6838
3865 6836
3471 6834
2543 6832
3417 6830
3257 6828
6233 6826
2653 6824
6065 6822
4199 6820
2991 6818
227 6816
5286 6814
2781 6812
3118 6810
4614 6808
4694 6806
3240 6804
1872 6802
4393 6800
786 6798
1190 6796
2844 6794
935 6792
6646 6790
4030 6788
2583 6786
2861 6784
3111 6782
4536 6780
1803 6778
578 6776
2650 6774
2720 6772
3504 6770
6740 6768
3548 6766
4812 6764
4979 6762
919 6760
3400 6758
4285 6756
4106 6754
2088 6752
4102 6750
4179 6748
2494 6746
5738 6744
6117 6742
6448 6740
5667 6738
2231 6736
6029 6734
5521 6732
3163 6730
1974 6728
6054 6726
3494 6724
2322 6722
732 6720
2622 6718
1181 6716
3499 6714
1187 6712
5479 6710
6288 6708
4032 6706
6139 6704
2831 6702
1620 6700
1744 6698
2711 6696
5232 6694
1390 6692
3616 6690
5382 6688
5673 6686
2403 6684
5104 6682
1110 6680
324 6678
1064 6676
4059 6674
4593 6672
1030 6670
3777 6668
257 6666
5021 6664
1452 6662
3931 6660
3902 6658
5771 6656
1575 6654
1572 6652
5596 6650
2413 6648
6190 6646
66 6644
4503 6642
1271 6640
6137 6638
6158 6636
4372 6634
5117 6632
5784 6630
5397 6628
6039 6626
2667 6624
5144 6622
6581 6620
27 6618
1937 6616
1262 6614
65 6612
1984 6610
1470 6608
5402 6606
6103 6604
6551 6602
503 6600
3219 6598
1863 6596
6532 6594
4941 6592
4809 6590
3655 6588
924 6586
6263 6584
442 6582
2952 6580
6459 6578
5055 6576
1626 6574
6251 6572
2798 6570
4858 6568
145 6566
4775 6564
2905 6562
5272 6560
5446 6558
3630 6556
3968 6554
1218 6552
3718 6550
353 6548
3774 6546
2096 6544
5683 6542
6329 6540
2395 6538
54 6536
2727 6534
5631 6532
6477 6530
5802 6528
1018 6526
42 6524
1999 6522
3699 6520
3989 6518
6513 6516
6070 6514
5977 6512
4769 6510
4938 6508
3927 6506
1443 6504
3867 6502
3464 6500
3032 6498
6246 6496
735 6494
4225 6492
65 6490
2154 6488
1104 6486
3107 6484
1088 6482
3096 6480
2814 6478
1342 6476
2398 6474
5931 6472
592 6470
1310 6468
782 6466
3524 6464
4457 6462
3706 6460
6177 6458
5474 6456
3964 6454
1330 6452
2837 6450
5377 6448
1085 6446
4878 6444
5033 6442
4580 6440
2840 6438
2362 6436
4187 6434
1236 6432
2734 6430
2576 6428
2918 6426
2642 6424
3350 6422
1424 6420
1494 6418
2234 6416
5575 6414
514 6412
1457 6410
1027 6408
3173 6406
2355 6404
1169 6402
5667 6400
4174 6398
1800 6396
2019 6394
518 6392
1144 6390
3260 6388
2188 6386
1123 6384
6113 6382
3856 6380
3809 6378
5118 6376
1829 6374
6018 6372
4576 6370
5939 6368
6298 6366
3442 6364
2012 6362
568 6360
4854 6358
6085 6356
4732 6354
3112 6352
815 6350
5296 6348
6009 6346
5179 6344
5720 6342
5586 6340
2369 6338
1554 6336
2543 6334
802 6332
4727 6330
54 6328
3820 6326
1188 6324
836 6322
5290 6320
3150 6318
5508 6316
4084 6314
4602 6312
4425 6310
1352 6308
2896 6306
3938 6304
1750 6302
4123 6300
3160 6298
4519 6296
1065 6294
220 6292
5408 6290
3476 6288
5554 6286
3989 6284
4195 6282
3897 6280
4650 6278
32 6276
4543 6274
2424 6272
5400 6270
136 6268
2498 6266
3096 6264
3313 6262
3978 6260
3216 6258
139 6256
6237 6254
794 6252
1187 6250
1374 6248
2193 6246
2445 6244
385 6242
1226 6240
768 6238
5518 6236
1262 6234
1160 6232
1760 6230
2431 6228
5367 6226
3211 6224
4199 6222
3041 6220
3732 6218
3106 6216
685 6214
4390 6212
6075 6210
304 6208
6074 6206
3397 6204
5328 6202
3855 6200
707 6198
817 6196
1322 6194
5467 6192
2095 6190
5438 6188
3562 6186
905 6184
3428 6182
5898 6180
2479 6178
4681 6176
3436 6174
5177 6172
4871 6170
2951 6168
2818 6166
1289 6164
1299 6162
2655 6160
6069 6158
3003 6156
662 6154
5464 6152
5832 6150
2342 6148
4234 6146
1243 6144
2523 6142
1448 6140
1459 6138
2685 6136
2804 6134
4374 6132
1626 6130
796 6128
1092 6126
2518 6124
2752 6122
2351 6120
3596 6118
1350 6116
6090 6114
2289 6112
4411 6110
3632 6108
3464 6106
3183 6104
288 6102
3569 6100
1857 6098
3094 6096
880 6094
4390 6092
5835 6090
4468 6088
4149 6086
1432 6084
3498 6082
3638 6080
611 6078
4221 6076
3640 6074
4871 6072
3736 6070
768 6068
1510 6066
4994 6064
2566 6062
3337 6060
4090 6058
5573 6056
4284 6054
697 6052
2996 6050
1556 6048
143 6046
3840 6044
1924 6042
5701 6040
3119 6038
2489 6036
1943 6034
2993 6032
5757 6030
1212 6028
1873 6026
2787 6024
281 6022
4516 6020
1962 6018
1495 6016
3725 6014
548 6012
5088 6010
2594 6008
3451 6006
110 6004
4639 6002
3766 6000
2150 5998
3995 5996
3823 5994
3282 5992
4038 5990
4221 5988
3781 5986
5425 5984
5734 5982
2080 5980
1180 5978
5219 5976
5509 5974
5717 5972
4987 5970
1723 5968
4789 5966
3257 5964
5420 5962
714 5960
4962 5958
3081 5956
5482 5954
4401 5952
2936 5950
3227 5948
2027 5946
617 5944
5767 5942
4744 5940
3231 5938
2629 5936
1718 5934
3497 5932
1327 5930
2287 5928
2926 5926
1957 5924
1226 5922
2432 5920
3799 5918
4199 5916
1206 5914
3477 5912
3735 5910
3912 5908
4199 5906
2199 5904
5637 5902
351 5900
4238 5898
1908 5896
4810 5894
1880 5892
1587 5890
4711 5888
447 5886
3487 5884
244 5882
1585 5880
2883 5878
3980 5876
565 5874
763 5872
3405 5870
80 5868
493 5866
2468 5864
4242 5862
62 5860
3865 5858
833 5856
3931 5854
1132 5852
4580 5850
3128 5848
3542 5846
4918 5844
1821 5842
1177 5840
4398 5838
2164 5836
1094 5834
305 5832
3305 5830
1160 5828
4588 5826
401 5824
5162 5822
3228 5820
1073 5818
1147 5816
2999 5814
5034 5812
5244 5810
4209 5808
5704 5806
2776 5804
3974 5802
2150 5800
222 5798
2814 5796
5703 5794
3424 5792
1440 5790
656 5788
3700 5786
1914 5784
1521 5782
2411 5780
5405 5778
2323 5776
4911 5774
4970 5772
4959 5770
817 5768
5157 5766
2036 5764
4483 5762
613 5760
4108 5758
3264 5756
4342 5754
3618 5752
1559 5750
4848 5748
4958 5746
204 5744
3322 5742
4351 5740
4427 5738
2369 5736
1866 5734
544 5732
4516 5730
1334 5728
1691 5726
4939 5724
3080 5722
5030 5720
1666 5718
968 5716
3464 5714
2005 5712
4875 5710
2313 5708
3077 5706
668 5704
1089 5702
774 5700
3215 5698
4747 5696
1476 5694
668 5692
4568 5690
1372 5688
3461 5686
5365 5684
2078 5682
131 5680
280 5678
855 5676
1855 5674
2204 5672
1697 5670
1166 5668
2063 5666
5108 5664
2851 5662
2166 5660
169 5658
2967 5656
2395 5654
2055 5652
2890 5650
2324 5648
3154 5646
754 5644
1257 5642
5199 5640
894 5638
2064 5636
1509 5634
1082 5632
4811 5630
2211 5628
3532 5626
832 5624
2216 5622
4530 5620
2743 5618
4522 5616
960 5614
74 5612
2941 5610
3940 5608
5381 5606
4961 5604
2389 5602
5066 5600
3297 5598
434 5596
4094 5594
2671 5592
1334 5590
3018 5588
1659 5586
5313 5584
1348 5582
4880 5580
4015 5578
2350 5576
2955 5574
4189 5572
2074 5570
2204 5568
3854 5566
1895 5564
985 5562
943 5560
4328 5558
548 5556
4435 5554
3612 5552
1553 5550
5467 5548
2224 5546
1219 5544
3325 5542
2666 5540
1933 5538
184 5536
3789 5534
3136 5532
1391 5530
1178 5528
4746 5526
5246 5524
3802 5522
3833 5520
2296 5518
1959 5516
103 5514
369 5512
1755 5510
1491 5508
490 5506
2348 5504
4397 5502
1849 5500
5220 5498
728 5496
2953 5494
924 5492
1877 5490
3991 5488
2553 5486
4357 5484
5196 5482
4980 5480
2069 5478
1193 5476
701 5474
5194 5472
2441 5470
2254 5468
5164 5466
2178 5464
2236 5462
645 5460
4677 5458
1130 5456
96 5454
111 5452
476 5450
2342 5448
2541 5446
3440 5444
5367 5442
2046 5440
2785 5438
4575 5436
2460 5434
3078 5432
1428 5430
1788 5428
3651 5426
1400 5424
4375 5422
4287 5420
4156 5418
613 5416
1933 5414
5081 5412
2184 5410
4707 5408
4947 5406
5030 5404
3461 5402
3688 5400
15 5398
3184 5396
257 5394
1325 5392
2605 5390
1292 5388
4474 5386
3888 5384
4021 5382
3627 5380
4133 5378
4305 5376
2552 5374
552 5372
3874 5370
343 5368
3311 5366
2655 5364
5354 5362
1022 5360
1296 5358
251 5356
2582 5354
4187 5352
1849 5350
5300 5348
2708 5346
1565 5344
1470 5342
847 5340
1896 5338
4988 5336
5272 5334
2496 5332
5011 5330
884 5328
5117 5326
16 5324
3571 5322
4560 5320
3238 5318
4195 5316
4912 5314
4737 5312
3294 5310
522 5308
2380 5306
4979 5304
3918 5302
2863 5300
1017 5298
5165 5296
3764 5294
4872 5292
3007 5290
3011 5288
358 5286
3312 5284
4366 5282
1487 5280
4870 5278
4594 5276
299 5274
904 5272
2148 5270
1220 5268
278 5266
4019 5264
885 5262
2536 5260
3791 5258
1050 5256
2998 5254
4012 5252
1643 5250
3153 5248
4244 5246
3956 5244
3184 5242
2693 5240
896 5238
1626 5236
273 5234
4874 5232
4568 5230
1890 5228
3376 5226
4210 5224
2538 5222
3994 5220
4365 5218
1174 5216
1056 5214
122 5212
323 5210
3357 5208
4106 5206
876 5204
2685 5202
2066 5200
3335 5198
4940 5196
2233 5194
2969 5192
37 5190
524 5188
4888 5186
3891 5184
1937 5182
2213 5180
2844 5178
3987 5176
2694 5174
4522 5172
1880 5170
2738 5168
4261 5166
4312 5164
942 5162
4967 5160
4726 5158
305 5156
3183 5154
1424 5152
528 5150
1299 5148
706 5146
1450 5144
2771 5142
3298 5140
2096 5138
4569 5136
1017 5134
1298 5132
4815 5130
1533 5128
82 5126
3767 5124
2799 5122
2198 5120
3601 5118
2089 5116
4153 5114
4171 5112
1625 5110
4959 5108
1659 5106
4007 5104
4641 5102
1987 5100
940 5098
4185 5096
2495 5094
1746 5092
1908 5090
286 5088
2896 5086
1137 5084
4514 5082
4360 5080
857 5078
2280 5076
1179 5074
1837 5072
1446 5070
1528 5068
4189 5066
1952 5064
3955 5062
2527 5060
113 5058
835 5056
4257 5054
4347 5052
4551 5050
586 5048
4787 5046
1213 5044
3422 5042
1258 5040
3742 5038
813 5036
981 5034
193 5032
20 5030
3270 5028
3801 5026
3484 5024
1246 5022
1619 5020
3777 5018
326 5016
3756 5014
3451 5012
4047 5010
3539 5008
3573 5006
3392 5004
2644 5002
789 5000
4334 4998
3613 4996
4531 4994
2910 4992
4002 4990
743 4988
854 4986
1329 4984
1118 4982
1235 4980
1595 4978
1042 4976
1233 4974
3351 4972
435 4970
891 4968
1271 4966
1232 4964
1546 4962
3099 4960
4239 4958
382 4956
4920 4954
2854 4952
2612 4950
1161 4948
4606 4946
1448 4944
967 4942
4552 4940
3251 4938
1011 4936
2995 4934
3224 4932
1937 4930
599 4928
3633 4926
951 4924
4293 4922
729 4920
3857 4918
2058 4916
3000 4914
1289 4912
763 4910
946 4908
3256 4906
320 4904
1752 4902
2503 4900
2707 4898
3748 4896
582 4894
36 4892
4656 4890
2278 4888
3313 4886
3051 4884
3819 4882
3802 4880
911 4878
587 4876
2812 4874
42 4872
3611 4870
1249 4868
3396 4866
1879 4864
2945 4862
1614 4860
1585 4858
4523 4856
418 4854
2717 4852
1192 4850
3203 4848
610 4846
4098 4844
2096 4842
4825 4840
3734 4838
4654 4836
4641 4834
348 4832
22 4830
1701 4828
4785 4826
4408 4824
3631 4822
764 4820
890 4818
3017 4816
3282 4814
1704 4812
863 4810
2106 4808
4558 4806
3381 4804
3245 4802
954 4800
2215 4798
4579 4796
600 4794
1524 4792
719 4790
2709 4788
2548 4786
4740 4784
3784 4782
517 4780
153 4778
957 4776
2202 4774
1118 4772
986 4770
1506 4768
2864 4766
3733 4764
963 4762
446 4760
3113 4758
4663 4756
4621 4754
3401 4752
4662 4750
794 4748
1749 4746
4024 4744
2126 4742
3689 4740
2536 4738
3659 4736
2054 4734
4290 4732
457 4730
1372 4728
3715 4726
2396 4724
852 4722
3839 4720
3012 4718
76 4716
166 4714
161 4712
854 4710
202 4708
1170 4706
4384 4704
4501 4702
971 4700
4101 4698
2633 4696
4426 4694
859 4692
4003 4690
2571 4688
2998 4686
2821 4684
4099 4682
3557 4680
4344 4678
4337 4676
1191 4674
4387 4672
3361 4670
1390 4668
2917 4666
2781 4664
502 4662
2044 4660
115 4658
271 4656
4475 4654
829 4652
66 4650
1303 4648
4628 4646
3220 4644
1085 4642
4066 4640
1696 4638
3477 4636
4138 4634
442 4632
795 4630
842 4628
4463 4626
2427 4624
2870 4622
1569 4620
1490 4618
2478 4616
4168 4614
1718 4612
2719 4610
1073 4608
2935 4606
169 4604
487 4602
4400 4600
769 4598
3862 4596
1442 4594
1149 4592
939 4590
3533 4588
3349 4586
317 4584
1785 4582
2550 4580
1988 4578
3884 4576
1725 4574
1996 4572
2169 4570
1579 4568
725 4566
2593 4564
3086 4562
4168 4560
917 4558
3172 4556
20 4554
1278 4552
406 4550
2449 4548
508 4546
2144 4544
309 4542
4156 4540
64 4538
3726 4536
2024 4534
4225 4532
693 4530
341 4528
1271 4526
2971 4524
1326 4522
4516 4520
2047 4518
1796 4516
2966 4514
4440 4512
3414 4510
3660 4508
2525 4506
662 4504
4112 4502
151 4500
942 4498
2557 4496
2733 4494
3622 4492
3306 4490
455 4488
3714 4486
1569 4484
2022 4482
806 4480
732 4478
291 4476
3977 4474
2191 4472
4060 4470
219 4468
3820 4466
1785 4464
240 4462
2187 4460
1003 4458
4077 4456
3007 4454
3157 4452
2328 4450
661 4448
531 4446
1671 4444
6 4442
788 4440
3925 4438
3959 4436
2498 4434
2530 4432
411 4430
3068 4428
268 4426
2314 4424
418 4422
2760 4420
1389 4418
4263 4416
2577 4414
1761 4412
642 4410
3804 4408
1575 4406
2761 4404
2312 4402
4379 4400
2594 4398
4111 4396
2116 4394
557 4392
3550 4390
729 4388
1167 4386
780 4384
1654 4382
2174 4380
487 4378
1791 4376
390 4374
511 4372
2329 4370
3851 4368
3989 4366
3876 4364
1799 4362
1604 4360
1493 4358
1691 4356
4193 4354
3184 4352
1676 4350
871 4348
4307 4346
1333 4344
2915 4342
895 4340
2857 4338
835 4336
3484 4334
650 4332
4275 4330
978 4328
104 4326
2725 4324
3688 4322
3899 4320
2567 4318
68 4316
1042 4314
1163 4312
229 4310
234 4308
802 4306
706 4304
3434 4302
1416 4300
1407 4298
3085 4296
2492 4294
3351 4292
4230 4290
3006 4288
2876 4286
3996 4284
1347 4282
1959 4280
1896 4278
3143 4276
620 4274
2026 4272
1768 4270
1917 4268
3783 4266
2509 4264
2268 4262
2516 4260
2458 4258
3643 4256
4253 4254
1340 4252
186 4250
769 4248
3534 4246
2379 4244
624 4242
3897 4240
3023 4238
3756 4236
3608 4234
2522 4232
1219 4230
1258 4228
1881 4226
2022 4224
1527 4222
3068 4220
3565 4218
3928 4216
4120 4214
977 4212
952 4210
4141 4208
1735 4206
4021 4204
936 4202
2139 4200
3002 4198
3093 4196
1151 4194
1061 4192
1926 4190
3240 4188
3470 4186
3679 4184
3536 4182
3421 4180
3862 4178
111 4176
702 4174
2634 4172
2554 4170
3844 4168
121 4166
1543 4164
1115 4162
3512 4160
2530 4158
116 4156
2476 4154
3791 4152
1259 4150
460 4148
1273 4146
1169 4144
1864 4142
2252 4140
443 4138
3651 4136
7 4134
3567 4132
3661 4130
1753 4128
1125 4126
2964 4124
2815 4122
1244 4120
3497 4118
1400 4116
101 4114
3611 4112
1773 4110
588 4108
3848 4106
160 4104
844 4102
3743 4100
355 4098
211 4096
2225 4094
3499 4092
3401 4090
3478 4088
3175 4086
1404 4084
893 4082
1023 4080
1427 4078
2085 4076
3212 4074
1631 4072
1501 4070
1667 4068
3971 4066
309 4064
2755 4062
2521 4060
1483 4058
1333 4056
1517 4054
1113 4052
3631 4050
384 4048
3638 4046
1746 4044
69 4042
924 4040
994 4038
3819 4036
3256 4034
824 4032
2701 4030
2068 4028
1742 4026
1468 4024
2739 4022
549 4020
42 4018
857 4016
2208 4014
2783 4012
2984 4010
2853 4008
2981 4006
435 4004
177 4002
2686 4000
2672 3998
161 3996
2929 3994
982 3992
2781 3990
335 3988
1585 3986
2901 3984
607 3982
2158 3980
3163 3978
336 3976
2679 3974
52 3972
3143 3970
2325 3968
1095 3966
3414 3964
1256 3962
1584 3960
152 3958
3566 3956
1297 3954
985 3952
3612 3950
508 3948
2267 3946
1770 3944
2618 3942
3248 3940
2622 3938
2084 3936
2269 3934
1644 3932
969 3930
3074 3928
1567 3926
3880 3924
2663 3922
3520 3920
1070 3918
455 3916
3471 3914
785 3912
262 3910
530 3908
1941 3906
3348 3904
1638 3902
136 3900
1885 3898
1031 3896
338 3894
2161 3892
1406 3890
3693 3888
1775 3886
2259 3884
407 3882
2958 3880
3671 3878
1106 3876
656 3874
3661 3872
1479 3870
741 3868
364 3866
978 3864
847 3862
1434 3860
366 3858
2205 3856
2645 3854
2333 3852
720 3850
3841 3848
3348 3846
3742 3844
1534 3842
1621 3840
2509 3838
3304 3836
111 3834
2269 3832
843 3830
346 3828
2300 3826
713 3824
2680 3822
2042 3820
1557 3818
1837 3816
2980 3814
1039 3812
1114 3810
3118 3808
3464 3806
1835 3804
1075 3802
655 3800
3367 3798
2050 3796
3283 3794
2134 3792
2812 3790
466 3788
467 3786
992 3784
3596 3782
2291 3780
2927 3778
2274 3776
2701 3774
2792 3772
2142 3770
1779 3768
875 3766
3051 3764
283 3762
2252 3760
292 3758
1211 3756
3054 3754
1331 3752
3160 3750
1015 3748
2025 3746
2739 3744
2309 3742
1898 3740
2149 3738
1331 3736
538 3734
424 3732
3512 3730
3602 3728
3391 3726
452 3724
3169 3722
521 3720
3249 3718
3062 3716
1543 3714
3429 3712
1782 3710
292 3708
11 3706
2182 3704
2572 3702
3131 3700
882 3698
3372 3696
703 3694
741 3692
1631 3690
2597 3688
120 3686
1379 3684
1632 3682
2386 3680
2810 3678
1225 3676
1437 3674
3546 3672
1376 3670
749 3668
853 3666
185 3664
2727 3662
3175 3660
980 3658
3320 3656
827 3654
3025 3652
2384 3650
1917 3648
2371 3646
3495 3644
92 3642
2896 3640
892 3638
779 3636
3132 3634
2302 3632
885 3630
1621 3628
1068 3626
2616 3624
3139 3622
3058 3620
1163 3618
267 3616
1095 3614
1894 3612
3337 3610
493 3608
3080 3606
1436 3604
1925 3602
1039 3600
641 3598
704 3596
3001 3594
239 3592
244 3590
2438 3588
1106 3586
1250 3584
2709 3582
786 3580
3259 3578
3080 3576
2149 3574
1850 3572
2524 3570
1166 3568
2035 3566
2707 3564
2361 3562
2135 3560
483 3558
0 3556
477 3554
1708 3552
1872 3550
851 3548
2146 3546
3330 3544
3391 3542
14 3540
2546 3538
3026 3536
3407 3534
2562 3532
1009 3530
2950 3528
498 3526
2566 3524
631 3522
2536 3520
2815 3518
1023 3516
2507 3514
1119 3512
1988 3510
1641 3508
1679 3506
1831 3504
1328 3502
2663 3500
2547 3498
2182 3496
2878 3494
2540 3492
2047 3490
555 3488
1394 3486
1165 3484
10 3482
1508 3480
2497 3478
1969 3476
3206 3474
3083 3472
234 3470
3045 3468
129 3466
1596 3464
912 3462
1224 3460
48 3458
913 3456
1923 3454
596 3452
26 3450
1222 3448
1075 3446
3106 3444
2852 3442
2758 3440
2335 3438
2592 3436
2911 3434
1528 3432
1807 3430
3146 3428
2837 3426
430 3424
2692 3422
360 3420
3268 3418
2805 3416
2494 3414
2706 3412
136 3410
2489 3408
729 3406
1170 3404
974 3402
41 3400
1803 3398
108 3396
781 3394
2033 3392
207 3390
1235 3388
3377 3386
631 3384
1619 3382
2734 3380
171 3378
2371 3376
2292 3374
1884 3372
1129 3370
316 3368
1774 3366
1508 3364
2663 3362
2614 3360
535 3358
2241 3356
1341 3354
1513 3352
2282 3350
2411 3348
1823 3346
2576 3344
3184 3342
3272 3340
1998 3338
2281 3336
717 3334
3065 3332
431 3330
1843 3328
1748 3326
631 3324
1502 3322
3010 3320
1648 3318
3218 3316
568 3314
749 3312
54 3310
369 3308
2249 3306
1236 3304
2875 3302
2107 3300
2767 3298
447 3296
1463 3294
1652 3292
336 3290
3179 3288
3029 3286
1128 3284
979 3282
1717 3280
545 3278
1921 3276
693 3274
2253 3272
1430 3270
158 3268
1874 3266
3188 3264
266 3262
2199 3260
3159 3258
1420 3256
1808 3254
2405 3252
2545 3250
3140 3248
1273 3246
413 3244
3077 3242
3160 3240
250 3238
95 3236
2133 3234
2365 3232
432 3230
2114 3228
294 3226
608 3224
76 3222
1877 3220
125 3218
1392 3216
2194 3214
931 3212
2608 3210
972 3208
2877 3206
2710 3204
872 3202
2718 3200
229 3198
788 3196
1947 3194
2110 3192
175 3190
1365 3188
1175 3186
457 3184
74 3182
2491 3180
337 3178
1774 3176
460 3174
1713 3172
2940 3170
193 3168
2483 3166
426 3164
1395 3162
2753 3160
629 3158
182 3156
608 3154
1440 3152
2306 3150
1759 3148
1140 3146
455 3144
2686 3142
3127 3140
2697 3138
168 3136
1122 3134
1890 3132
175 3130
682 3128
1457 3126
1254 3124
2473 3122
2719 3120
3015 3118
344 3116
771 3114
3092 3112
1378 3110
1781 3108
2327 3106
148 3104
896 3102
701 3100
2564 3098
1098 3096
906 3094
606 3092
2255 3090
1711 3088
860 3086
1851 3084
2032 3082
1857 3080
1375 3078
2495 3076
1993 3074
2794 3072
3011 3070
2514 3068
1600 3066
2364 3064
2568 3062
1599 3060
1566 3058
510 3056
67 3054
487 3052
1019 3050
2834 3048
2807 3046
2131 3044
2786 3042
1435 3040
2095 3038
2726 3036
458 3034
818 3032
328 3030
2378 3028
1092 3026
2849 3024
2364 3022
195 3020
1458 3018
2097 3016
1979 3014
607 3012
847 3010
1669 3008
235 3006
925 3004
1187 3002
2154 3000
2347 2998
1431 2996
1322 2994
264 2992
2261 2990
1406 2988
2660 2986
1417 2984
1868 2982
1323 2980
1163 2978
2700 2976
919 2974
647 2972
1589 2970
2614 2968
2215 2966
1360 2964
277 2962
687 2960
1634 2958
1032 2956
2536 2954
210 2952
1326 2950
2895 2948
1191 2946
2367 2944
2668 2942
1937 2940
556 2938
527 2936
1150 2934
645 2932
2487 2930
78 2928
2278 2926
2585 2924
2591 2922
2370 2920
2770 2918
122 2916
2866 2914
1504 2912
1077 2910
523 2908
155 2906
666 2904
1539 2902
981 2900
134 2898
1810 2896
449 2894
1397 2892
1537 2890
1930 2888
1945 2886
2562 2884
548 2882
261 2880
2476 2878
1717 2876
2344 2874
2461 2872
1379 2870
2184 2868
1868 2866
2795 2864
1522 2862
26 2860
909 2858
339 2856
2570 2854
528 2852
29 2850
2496 2848
2681 2846
666 2844
2398 2842
1047 2840
1412 2838
1669 2836
800 2834
667 2832
1829 2830
224 2828
519 2826
272 2824
2299 2822
2090 2820
69 2818
1670 2816
2255 2814
419 2812
1313 2810
1156 2808
647 2806
761 2804
2614 2802
2297 2800
882 2798
2559 2796
2373 2794
2590 2792
1363 2790
1230 2788
2142 2786
911 2784
1243 2782
1105 2780
440 2778
2492 2776
681 2774
1941 2772
890 2770
850 2768
515 2766
268 2764
2550 2762
1332 2760
452 2758
1767 2756
1889 2754
2543 2752
2420 2750
2121 2748
2296 2746
1578 2744
1162 2742
2044 2740
980 2738
1859 2736
1152 2734
295 2732
2322 2730
1750 2728
1310 2726
906 2724
1607 2722
2368 2720
2297 2718
2177 2716
1824 2714
111 2712
1333 2710
1903 2708
2158 2706
2045 2704
1709 2702
1074 2700
182 2698
1969 2696
211 2694
902 2692
350 2690
532 2688
544 2686
1457 2684
867 2682
1706 2680
2223 2678
1513 2676
1113 2674
273 2672
343 2670
897 2668
46 2666
912 2664
1732 2662
147 2660
1766 2658
1368 2656
962 2654
319 2652
663 2650
884 2648
1656 2646
124 2644
2120 2642
2183 2640
2111 2638
1932 2636
655 2634
804 2632
1336 2630
2075 2628
968 2626
1840 2624
1361 2622
2173 2620
2573 2618
2047 2616
2054 2614
1241 2612
796 2610
2041 2608
198 2606
1455 2604
1745 2602
81 2600
49 2598
1307 2596
181 2594
709 2592
1443 2590
1716 2588
946 2586
1016 2584
997 2582
1216 2580
2414 2578
1749 2576
1698 2574
2030 2572
506 2570
2467 2568
233 2566
1194 2564
1991 2562
1279 2560
1317 2558
1006 2556
745 2554
1081 2552
1664 2550
1496 2548
1779 2546
1976 2544
707 2542
1330 2540
2000 2538
457 2536
2271 2534
315 2532
1227 2530
2198 2528
2494 2526
18 2524
348 2522
881 2520
689 2518
2042 2516
2321 2514
1404 2512
1777 2510
1224 2508
481 2506
973 2504
1095 2502
1776 2500
102 2498
1954 2496
2037 2494
1653 2492
2457 2490
2334 2488
2198 2486
1895 2484
352 2482
1320 2480
1421 2478
2179 2476
112 2474
1472 2472
517 2470
1408 2468
1288 2466
36 2464
876 2462
2213 2460
1307 2458
2260 2456
1674 2454
2410 2452
1155 2450
660 2448
1792 2446
335 2444
442 2442
1004 2440
370 2438
390 2436
104 2434
1302 2432
1035 2430
397 2428
885 2426
202 2424
2096 2422
446 2420
558 2418
1606 2416
625 2414
2333 2412
487 2410
491 2408
2155 2406
415 2404
785 2402
58 2400
402 2398
1238 2396
1479 2394
830 2392
209 2390
1805 2388
36 2386
1999 2384
315 2382
12 2380
1742 2378
895 2376
126 2374
1809 2372
2134 2370
1008 2368
1308 2366
215 2364
1700 2362
2188 2360
680 2358
253 2356
190 2354
37 2352
487 2350
2119 2348
441 2346
1895 2344
1612 2342
1522 2340
855 2338
1141 2336
331 2334
939 2332
247 2330
1102 2328
1683 2326
243 2324
311 2322
1692 2320
1519 2318
1782 2316
1556 2314
373 2312
202 2310
415 2308
831 2306
1819 2304
2151 2302
267 2300
561 2298
1261 2296
884 2294
1323 2292
1895 2290
1732 2288
1150 2286
366 2284
2157 2282
831 2280
1980 2278
611 2276
1407 2274
1065 2272
1516 2270
1125 2268
2237 2266
1607 2264
1569 2262
903 2260
904 2258
815 2256
675 2254
2189 2252
936 2250
1793 2248
1368 2246
1147 2244
261 2242
1032 2240
237 2238
2187 2236
1829 2234
1200 2232
866 2230
2201 2228
744 2226
1590 2224
190 2222
1111 2220
1254 2218
656 2216
1763 2214
1670 2212
1396 2210
1622 2208
655 2206
2019 2204
85 2202
1985 2200
39 2198
1043 2196
2188 2194
929 2192
680 2190
1747 2188
1537 2186
1671 2184
1145 2182
501 2180
1208 2178
242 2176
134 2174
2116 2172
359 2170
850 2168
1977 2166
2107 2164
1199 2162
971 2160
1904 2158
96 2156
2086 2154
1355 2152
1442 2150
1804 2148
1311 2146
46 2144
935 2142
1162 2140
412 2138
2063 2136
1659 2134
347 2132
917 2130
1204 2128
1818 2126
318 2124
278 2122
753 2120
1627 2118
1432 2116
1385 2114
1257 2112
499 2110
1408 2108
253 2106
127 2104
1761 2102
656 2100
710 2098
1098 2096
224 2094
691 2092
1094 2090
432 2088
1664 2086
196 2084
516 2082
1994 2080
1487 2078
1806 2076
1256 2074
1197 2072
1899 2070
1283 2068
445 2066
951 2064
168 2062
1872 2060
914 2058
656 2056
1288 2054
1126 2052
1714 2050
1825 2048
1414 2046
1718 2044
1374 2042
1181 2040
342 2038
1569 2036
806 2034
1892 2032
882 2030
366 2028
72 2026
1248 2024
921 2022
423 2020
1915 2018
476 2016
424 2014
1293 2012
227 2010
288 2008
688 2006
1128 2004
454 2002
270 2000
1504 1998
196 1996
571 1994
1302 1992
1341 1990
1051 1988
437 1986
189 1984
1864 1982
1717 1980
488 1978
258 1976
1039 1974
68 1972
364 1970
1266 1968
396 1966
1041 1964
1601 1962
1054 1960
559 1958
234 1956
340 1954
1109 1952
1076 1950
569 1948
1573 1946
1785 1944
1441 1942
133 1940
186 1938
1209 1936
1802 1934
1470 1932
1851 1930
1495 1928
687 1926
443 1924
1895 1922
531 1920
1212 1918
1154 1916
1095 1914
1447 1912
1286 1910
1887 1908
1626 1906
1027 1904
1280 1902
1356 1900
779 1898
904 1896
1761 1894
649 1892
1597 1890
964 1888
1609 1886
734 1884
1816 1882
923 1880
370 1878
1262 1876
1254 1874
1665 1872
796 1870
1042 1868
1185 1866
135 1864
1831 1862
792 1860
362 1858
610 1856
442 1854
272 1852
1559 1850
904 1848
1175 1846
508 1844
1673 1842
446 1840
1318 1838
1373 1836
1713 1834
1179 1832
819 1830
1767 1828
1329 1826
790 1824
911 1822
961 1820
1576 1818
1699 1816
15 1814
782 1812
782 1810
1029 1808
314 1806
503 1804
434 1802
897 1800
335 1798
1054 1796
57 1794
1187 1792
1779 1790
1615 1788
1185 1786
1284 1784
973 1782
1442 1780
1368 1778
665 1776
1698 1774
1178 1772
645 1770
781 1768
1672 1766
715 1764
1702 1762
1114 1760
111 1758
1378 1756
1206 1754
557 1752
519 1750
725 1748
805 1746
1459 1744
1424 1742
1503 1740
1701 1738
1103 1736
720 1734
389 1732
724 1730
903 1728
247 1726
52 1724
376 1722
1676 1720
333 1718
572 1716
897 1714
839 1712
1305 1710
110 1708
347 1706
1372 1704
498 1702
436 1700
850 1698
1421 1696
421 1694
991 1692
936 1690
259 1688
738 1686
278 1684
354 1682
430 1680
1586 1678
1167 1676
727 1674
1056 1672
82 1670
986 1668
1591 1666
798 1664
280 1662
685 1660
1420 1658
1506 1656
885 1654
1341 1652
586 1650
1414 1648
23 1646
472 1644
1088 1642
1356 1640
1135 1638
1131 1636
1013 1634
1630 1632
1421 1630
41 1628
1258 1626
1250 1624
1437 1622
1454 1620
1222 1618
1589 1616
35 1614
317 1612
917 1610
1020 1608
90 1606
230 1604
642 1602
1129 1600
78 1598
740 1596
905 1594
1393 1592
388 1590
1250 1588
594 1586
801 1584
1107 1582
1196 1580
1000 1578
772 1576
1021 1574
476 1572
1145 1570
1511 1568
1189 1566
721 1564
476 1562
94 1560
4 1558
753 1556
1538 1554
327 1552
723 1550
178 1548
154 1546
198 1544
1534 1542
594 1540
190 1538
1270 1536
73 1534
1261 1532
172 1530
589 1528
788 1526
794 1524
903 1522
1068 1520
930 1518
976 1516
406 1514
1122 1512
1075 1510
734 1508
507 1506
1412 1504
895 1502
592 1500
49 1498
255 1496
59 1494
428 1492
1080 1490
1162 1488
1444 1486
166 1484
1128 1482
791 1480
928 1478
321 1476
521 1474
592 1472
768 1470
1213 1468
669 1466
921 1464
174 1462
1429 1460
86 1458
1391 1456
1226 1454
357 1452
1257 1450
563 1448
1338 1446
1027 1444
156 1442
442 1440
77 1438
899 1436
766 1434
88 1432
324 1430
479 1428
166 1426
1380 1424
224 1422
853 1420
237 1418
983 1416
1206 1414
277 1412
613 1410
1353 1408
1292 1406
1136 1404
972 1402
670 1400
1197 1398
422 1396
273 1394
1172 1392
1311 1390
1337 1388
846 1386
244 1384
366 1382
1088 1380
402 1378
79 1376
456 1374
990 1372
267 1370
214 1368
841 1366
601 1364
658 1362
834 1360
157 1358
166 1356
825 1354
330 1352
96 1350
740 1348
374 1346
1063 1344
1105 1342
76 1340
1102 1338
722 1336
969 1334
324 1332
880 1330
1254 1328
1157 1326
1062 1324
1243 1322
148 1320
1205 1318
953 1316
864 1314
18 1312
1018 1310
1039 1308
1231 1306
1125 1304
1193 1302
105 1300
54 1298
342 1296
374 1294
239 1292
121 1290
1128 1288
137 1286
669 1284
542 1282
357 1280
309 1278
1198 1276
296 1274
346 1272
499 1270
819 1268
1138 1266
753 1264
621 1262
1196 1260
430 1258
82 1256
247 1254
647 1252
1074 1250
95 1248
837 1246
262 1244
1167 1242
908 1240
774 1238
1134 1236
735 1234
988 1232
115 1230
125 1228
1140 1226
444 1224
496 1222
1183 1220
489 1218
822 1216
309 1214
754 1212
103 1210
379 1208
74 1206
956 1204
24 1202
597 1200
679 1198
886 1196
1142 1194
343 1192
569 1190
626 1188
163 1186
178 1184
1055 1182
669 1180
830 1178
270 1176
658 1174
387 1172
866 1170
947 1168
350 1166
716 1164
852 1162
420 1160
1120 1158
463 1156
470 1154
1049 1152
262 1150
92 1148
404 1146
412 1144
1062 1142
882 1140
1028 1138
672 1136
961 1134
935 1132
638 1130
388 1128
129 1126
599 1124
347 1122
872 1120
341 1118
681 1116
1085 1114
873 1112
396 1110
907 1108
379 1106
217 1104
452 1102
52 1100
262 1098
463 1096
753 1094
490 1092
705 1090
533 1088
768 1086
673 1084
252 1082
13 1080
920 1078
593 1076
440 1074
653 1072
382 1070
488 1068
8 1066
109 1064
216 1062
838 1060
66 1058
283 1056
857 1054
275 1052
10 1050
356 1048
279 1046
885 1044
409 1042
12 1040
787 1038
758 1036
930 1034
636 1032
127 1030
946 1028
903 1026
822 1024
820 1022
92 1020
393 1018
630 1016
896 1014
294 1012
916 1010
871 1008
410 1006
504 1004
877 1002
41 1000
458 998
586 996
669 994
377 992
38 990
347 988
114 986
482 984
69 982
107 980
412 978
345 976
736 974
16 972
317 970
454 968
626 966
556 964
580 962
74 960
223 958
809 956
915 954
780 952
890 950
818 948
536 946
601 944
716 942
758 940
627 938
58 936
810 934
144 932
1 930
67 928
112 926
692 924
407 922
610 920
343 918
834 916
264 914
565 912
689 910
888 908
855 906
662 904
495 902
139 900
129 898
435 896
242 894
665 892
122 890
535 888
868 886
611 884
656 882
855 880
476 878
395 876
866 874
118 872
101 870
764 868
484 866
515 864
699 862
710 860
673 858
252 856
108 854
700 852
377 850
778 848
568 846
482 844
142 842
496 840
663 838
103 836
391 834
80 832
82 830
472 828
441 826
179 824
257 822
368 820
807 818
356 816
104 814
398 812
370 810
307 808
703 806
586 804
470 802
434 800
155 798
758 796
629 794
654 792
562 790
90 788
470 786
606 784
635 782
324 780
638 778
207 776
79 774
106 772
237 770
214 768
601 766
437 764
405 762
578 760
433 758
26 756
165 754
551 752
359 750
604 748
740 746
626 744
230 742
427 740
114 738
532 736
710 734
634 732
599 730
715 728
553 726
706 724
490 722
119 720
122 718
447 716
358 714
264 712
326 710
445 708
396 706
230 704
363 702
476 700
630 698
463 696
222 694
118 692
513 690
623 688
273 686
113 684
632 682
517 680
365 678
417 676
450 674
589 672
145 670
250 668
436 666
412 664
448 662
597 660
606 658
239 656
211 654
73 652
271 650
336 648
482 646
438 644
601 642
514 640
333 638
328 636
494 634
531 632
5 630
338 628
338 626
172 624
356 622
78 620
472 618
312 616
342 614
488 612
589 610
566 608
482 606
440 604
160 602
32 600
157 598
194 596
502 594
507 592
157 590
71 588
398 586
380 584
203 582
24 580
11 578
291 576
457 574
244 572
370 570
468 568
320 566
259 564
378 562
461 560
482 558
173 556
434 554
371 552
146 550
340 548
265 546
85 544
502 542
250 540
157 538
293 536
81 534
298 532
447 530
524 528
212 526
81 524
474 522
454 520
508 518
162 516
453 514
249 512
349 510
35 508
112 506
250 504
33 502
351 500
153 498
83 496
398 494
353 492
461 490
353 488
477 486
313 484
71 482
127 480
195 478
336 476
468 474
381 472
96 470
132 468
107 466
82 464
224 462
19 460
44 458
105 456
409 454
283 452
5 450
421 448
348 446
197 444
323 442
364 440
32 438
350 436
383 434
77 432
114 430
391 428
176 426
411 424
188 422
353 420
19 418
364 416
141 414
265 412
234 410
149 408
43 406
105 404
193 402
129 400
224 398
183 396
308 394
65 392
19 390
214 388
375 386
178 384
209 382
317 380
216 378
259 376
10 374
305 372
327 370
9 368
296 366
52 364
105 362
131 360
49 358
199 356
275 354
36 352
12 350
4 348
152 346
170 344
189 342
245 340
275 338
1 336
284 334
57 332
162 330
260 328
101 326
288 324
268 322
252 320
114 318
159 316
52 314
108 312
187 310
130 308
123 306
75 304
159 302
222 300
83 298
216 296
45 294
17 292
180 290
102 288
192 286
146 284
61 282
227 280
81 278
58 276
216 274
183 272
110 270
119 268
240 266
65 264
22 262
237 260
9 258
64 256
202 254
237 252
215 250
74 248
242 246
66 244
177 242
80 240
48 238
13 236
75 234
38 232
86 230
23 228
27 226
105 224
201 222
62 220
122 218
135 216
66 214
164 212
20 210
140 208
198 206
49 204
30 202
162 200
32 198
102 196
131 194
96 192
143 190
184 188
132 186
98 184
32 182
40 180
42 178
119 176
78 174
141 172
39 170
137 168
57 166
32 164
158 162
82 160
133 158
26 156
28 154
75 152
76 150
65 148
86 146
58 144
51 142
56 140
71 138
117 136
52 134
96 132
81 130
57 128
118 126
23 124
100 122
41 120
93 118
54 116
69 114
101 112
80 110
87 108
3 106
89 104
91 102
43 100
35 98
85 96
82 94
52 92
74 90
4 88
9 86
0 84
64 82
28 80
37 78
21 76
30 74
39 72
47 70
5 68
43 66
3 64
26 62
17 60
10 58
51 56
7 54
4 52
35 50
35 48
35 46
10 44
37 42
3 40
1 38
4 36
16 34
14 32
8 30
2 28
9 26
22 24
9 22
7 20
12 18
15 16
8 14
8 12
1 10
3 8
5 6
0 4
0 2
