357 400
61 398
179 396
272 394
15 392
309 390
89 388
269 386
105 384
148 382
9 380
336 378
344 376
169 374
189 372
347 370
253 368
34 366
125 364
196 362
325 360
214 358
132 356
181 354
284 352
286 350
0 348
208 346
65 344
273 342
16 340
232 338
319 336
13 334
325 332
175 330
68 328
102 326
80 324
95 322
161 320
205 318
170 316
211 314
189 312
65 310
28 308
232 306
287 304
278 302
279 300
210 298
14 296
242 294
71 292
134 290
104 288
112 286
139 284
273 282
208 280
33 278
51 276
39 274
246 272
58 270
25 268
168 266
88 264
192 262
179 260
20 258
255 256
138 254
190 252
30 250
9 248
81 246
153 244
140 242
96 240
203 238
71 236
41 234
187 232
13 230
186 228
185 226
28 224
184 222
214 220
112 218
35 216
7 214
61 212
113 210
109 208
24 206
18 204
117 202
88 200
194 198
139 196
77 194
170 192
5 190
158 188
161 186
106 184
22 182
63 180
93 178
26 176
122 174
119 172
96 170
109 168
27 166
8 164
30 162
134 160
64 158
106 156
29 154
9 152
115 150
16 148
64 146
111 144
55 142
61 140
34 138
131 136
31 134
124 132
10 130
9 128
46 126
100 124
92 122
95 120
69 118
56 116
91 114
54 112
52 110
6 108
47 106
7 104
74 102
48 100
86 98
31 96
61 94
32 92
29 90
47 88
57 86
43 84
80 82
19 80
2 78
64 76
32 74
12 72
18 70
66 68
37 66
25 64
57 62
22 60
51 58
1 56
0 54
39 52
14 50
13 48
41 46
40 44
19 42
3 40
7 38
25 36
22 34
31 32
11 30
19 28
16 26
16 24
19 22
2 20
6 18
3 16
2 14
0 12
3 10
4 8
2 6
2 4
0 2
