669 800
186 798
243 796
26 794
313 792
708 790
542 788
269 786
244 784
463 782
754 780
267 778
484 776
101 774
470 772
640 770
331 768
195 766
84 764
696 762
419 760
25 758
608 756
471 754
274 752
471 750
7 748
172 746
404 744
619 742
306 740
651 738
193 736
504 734
325 732
371 730
67 728
623 726
112 724
399 722
54 720
541 718
637 716
468 714
258 712
184 710
577 708
698 706
510 704
343 702
94 700
304 698
514 696
629 694
189 692
349 690
384 688
137 686
293 684
265 682
402 680
675 678
343 676
171 674
147 672
642 670
326 668
254 666
14 664
236 662
395 660
586 658
619 656
76 654
513 652
320 650
29 648
187 646
56 644
254 642
171 640
264 638
247 636
206 634
384 632
125 630
298 628
82 626
431 624
33 622
614 620
327 618
462 616
255 614
478 612
65 610
602 608
96 606
49 604
486 602
32 600
354 598
575 596
205 594
231 592
312 590
63 588
156 586
438 584
441 582
443 580
488 578
38 576
409 574
44 572
551 570
426 568
38 566
458 564
32 562
363 560
182 558
524 556
98 554
424 552
291 550
233 548
247 546
301 544
85 542
421 540
371 538
1 536
514 534
465 532
483 530
25 528
238 526
432 524
444 522
288 520
166 518
442 516
298 514
311 512
127 510
23 508
113 506
445 504
15 502
355 500
147 498
57 496
485 494
439 492
15 490
399 488
357 486
135 484
298 482
152 480
325 478
303 476
209 474
450 472
271 470
343 468
94 466
316 464
35 462
162 460
257 458
126 456
87 454
140 452
1 450
146 448
114 446
432 444
227 442
336 440
199 438
129 436
121 434
300 432
142 430
30 428
415 426
108 424
60 422
119 420
92 418
160 416
372 414
280 412
81 410
365 408
53 406
312 404
387 402
68 400
207 398
78 396
131 394
41 392
263 390
127 388
46 386
192 384
321 382
236 380
251 378
255 376
0 374
170 372
55 370
245 368
13 366
326 364
75 362
120 360
135 358
261 356
169 354
229 352
269 350
237 348
133 346
300 344
62 342
193 340
241 338
97 336
297 334
202 332
76 330
321 328
24 326
26 324
248 322
274 320
296 318
120 316
66 314
91 312
194 310
230 308
250 306
20 304
94 302
184 300
222 298
84 296
277 294
214 292
180 290
159 288
91 286
31 284
90 282
55 280
257 278
226 276
52 274
145 272
163 270
47 268
176 266
68 264
94 262
199 260
53 258
20 256
58 254
121 252
30 250
153 248
24 246
88 244
169 242
103 240
32 238
195 236
212 234
220 232
31 230
166 228
189 226
120 224
5 222
183 220
210 218
176 216
213 214
184 212
72 210
11 208
169 206
6 204
97 202
49 200
65 198
175 196
153 194
28 192
144 190
144 188
175 186
144 184
155 182
61 180
162 178
146 176
53 174
1 172
168 170
116 168
164 166
85 164
139 162
109 160
89 158
65 156
124 154
82 152
13 150
83 148
140 146
93 144
28 142
117 140
19 138
55 136
72 134
130 132
100 130
83 128
115 126
35 124
40 122
60 120
73 118
115 116
104 114
20 112
35 110
82 108
55 106
99 104
45 102
97 100
5 98
88 96
10 94
46 92
2 90
69 88
17 86
19 84
53 82
24 80
51 78
5 76
68 74
30 72
60 70
21 68
32 66
25 64
34 62
16 60
27 58
30 56
23 54
29 52
3 50
9 48
25 46
38 44
24 42
39 40
9 38
26 36
32 34
17 32
20 30
27 28
0 26
8 24
15 22
10 20
12 18
3 16
1 14
2 12
1 10
4 8
2 6
3 4
1 2
