1833 8000
5009 7998
3768 7996
6054 7994
4038 7992
1239 7990
1812 7988
7628 7986
212 7984
2213 7982
5552 7980
254 7978
883 7976
2691 7974
361 7972
5732 7970
3326 7968
5500 7966
3380 7964
5581 7962
674 7960
6653 7958
6191 7956
2203 7954
2929 7952
424 7950
4669 7948
5703 7946
7197 7944
1805 7942
213 7940
3879 7938
6422 7936
202 7934
7312 7932
1070 7930
6493 7928
6005 7926
1961 7924
4644 7922
1050 7920
6541 7918
3533 7916
6043 7914
6955 7912
1366 7910
6833 7908
7414 7906
2066 7904
2501 7902
967 7900
804 7898
7189 7896
5838 7894
140 7892
183 7890
4246 7888
5391 7886
6132 7884
2465 7882
6390 7880
523 7878
785 7876
1002 7874
3253 7872
5708 7870
4273 7868
3507 7866
1371 7864
2911 7862
5902 7860
3955 7858
4808 7856
1263 7854
3420 7852
5053 7850
6337 7848
4461 7846
1061 7844
2171 7842
3363 7840
6971 7838
3979 7836
493 7834
1910 7832
7650 7830
2811 7828
1507 7826
3181 7824
3780 7822
4146 7820
223 7818
4849 7816
1605 7814
1069 7812
6533 7810
5558 7808
1654 7806
994 7804
648 7802
2417 7800
3782 7798
7721 7796
3312 7794
1441 7792
1411 7790
4703 7788
3478 7786
7608 7784
3654 7782
5912 7780
87 7778
8 7776
2453 7774
1285 7772
627 7770
7477 7768
704 7766
1191 7764
308 7762
5432 7760
1330 7758
4325 7756
5295 7754
1885 7752
4908 7750
225 7748
3312 7746
4122 7744
2370 7742
1378 7740
2210 7738
2306 7736
7703 7734
3330 7732
4497 7730
4276 7728
1043 7726
3014 7724
6977 7722
3791 7720
5083 7718
442 7716
5408 7714
5290 7712
7393 7710
5372 7708
2717 7706
6518 7704
3423 7702
768 7700
186 7698
6371 7696
4512 7694
4279 7692
6302 7690
7236 7688
7389 7686
7648 7684
4618 7682
6672 7680
2106 7678
3670 7676
7643 7674
4363 7672
5070 7670
5915 7668
173 7666
766 7664
5536 7662
3723 7660
2775 7658
1364 7656
3204 7654
1096 7652
5646 7650
2606 7648
6133 7646
4479 7644
7636 7642
1488 7640
6204 7638
3661 7636
1510 7634
3690 7632
6129 7630
2513 7628
4363 7626
5237 7624
4637 7622
2978 7620
5361 7618
3631 7616
1206 7614
1516 7612
7602 7610
4356 7608
7586 7606
4370 7604
4613 7602
3734 7600
2545 7598
4860 7596
7575 7594
5683 7592
7445 7590
1553 7588
6785 7586
7395 7584
3835 7582
1368 7580
6539 7578
2426 7576
7200 7574
3265 7572
5991 7570
2554 7568
5633 7566
5269 7564
2264 7562
6095 7560
4368 7558
3594 7556
5943 7554
5259 7552
4284 7550
1752 7548
515 7546
6703 7544
6762 7542
5932 7540
5000 7538
7408 7536
3335 7534
3971 7532
267 7530
3296 7528
3428 7526
2901 7524
4088 7522
4644 7520
2262 7518
920 7516
3327 7514
4732 7512
2483 7510
3774 7508
3258 7506
5295 7504
5103 7502
3856 7500
3162 7498
5335 7496
7291 7494
5472 7492
7261 7490
1847 7488
4645 7486
4103 7484
995 7482
2997 7480
2669 7478
5036 7476
4862 7474
3585 7472
1152 7470
6453 7468
235 7466
6315 7464
4850 7462
4946 7460
2243 7458
4564 7456
1294 7454
400 7452
5665 7450
2782 7448
5379 7446
1047 7444
2085 7442
1396 7440
5059 7438
3288 7436
6927 7434
5529 7432
3292 7430
1753 7428
703 7426
741 7424
2899 7422
715 7420
2462 7418
5546 7416
7351 7414
3764 7412
2006 7410
1487 7408
7023 7406
4447 7404
6830 7402
4472 7400
4148 7398
1749 7396
155 7394
14 7392
3466 7390
2544 7388
6475 7386
5103 7384
4799 7382
927 7380
3708 7378
2519 7376
899 7374
6768 7372
5746 7370
7314 7368
2314 7366
6819 7364
5841 7362
922 7360
1718 7358
7046 7356
3352 7354
1958 7352
4657 7350
4520 7348
2025 7346
649 7344
1499 7342
5893 7340
4376 7338
7168 7336
3579 7334
7012 7332
1367 7330
4035 7328
5886 7326
6175 7324
568 7322
6591 7320
4586 7318
3756 7316
6849 7314
1516 7312
353 7310
5853 7308
1482 7306
4938 7304
6949 7302
6120 7300
6704 7298
7191 7296
909 7294
586 7292
3978 7290
7120 7288
318 7286
264 7284
7054 7282
2427 7280
1563 7278
5328 7276
6508 7274
3097 7272
614 7270
6777 7268
1137 7266
2822 7264
6526 7262
5347 7260
1021 7258
7121 7256
5302 7254
505 7252
915 7250
1408 7248
560 7246
6129 7244
2345 7242
966 7240
777 7238
2820 7236
7183 7234
4460 7232
5743 7230
4420 7228
4933 7226
987 7224
3325 7222
4396 7220
2796 7218
1471 7216
2199 7214
1455 7212
6400 7210
155 7208
1638 7206
3236 7204
2337 7202
3188 7200
4356 7198
2182 7196
3329 7194
2833 7192
464 7190
2647 7188
2235 7186
79 7184
1130 7182
5596 7180
6380 7178
7124 7176
6522 7174
4398 7172
1871 7170
207 7168
2306 7166
3155 7164
2326 7162
6150 7160
4669 7158
1979 7156
3244 7154
5294 7152
7053 7150
5058 7148
1238 7146
6555 7144
23 7142
3607 7140
6027 7138
5052 7136
6130 7134
3562 7132
3845 7130
4050 7128
2803 7126
6036 7124
3221 7122
1335 7120
2555 7118
826 7116
6087 7114
6493 7112
6158 7110
7085 7108
3588 7106
2000 7104
4997 7102
4557 7100
1535 7098
2412 7096
6231 7094
5705 7092
2348 7090
2360 7088
5960 7086
67 7084
5427 7082
3353 7080
5140 7078
4054 7076
3225 7074
6337 7072
2621 7070
633 7068
2545 7066
4698 7064
2204 7062
4818 7060
3893 7058
4180 7056
5495 7054
5824 7052
256 7050
3919 7048
3702 7046
5176 7044
1384 7042
4613 7040
2527 7038
6792 7036
4155 7034
5875 7032
6114 7030
377 7028
3864 7026
2311 7024
4277 7022
6645 7020
5068 7018
4936 7016
623 7014
5825 7012
5534 7010
2378 7008
3778 7006
6503 7004
751 7002
2753 7000
4891 6998
3625 6996
767 6994
5817 6992
6904 6990
6721 6988
6836 6986
3265 6984
5099 6982
4201 6980
3057 6978
4231 6976
3776 6974
1401 6972
1815 6970
4877 6968
5167 6966
2255 6964
4473 6962
4715 6960
72 6958
4528 6956
6757 6954
6881 6952
5244 6950
4259 6948
3820 6946
547 6944
2236 6942
6040 6940
4447 6938
582 6936
5631 6934
5191 6932
4463 6930
731 6928
5312 6926
5718 6924
2376 6922
664 6920
4430 6918
1238 6916
1831 6914
4028 6912
3576 6910
6610 6908
2937 6906
3216 6904
3607 6902
2196 6900
5036 6898
3993 6896
3935 6894
2037 6892
2039 6890
460 6888
944 6886
5280 6884
6565 6882
2352 6880
2809 6878
602 6876
740 6874
4684 6872
4839 6870
3685 6868
1369 6866
6435 6864
5090 6862
477 6860
6389 6858
6514 6856
6239 6854
5913 6852
2465 6850
3791 6848
6454 6846
6484 6844
4775 6842
6112 6840
2483 6838
1570 6836
5820 6834
1231 6832
3251 6830
3326 6828
5621 6826
1267 6824
310 6822
182 6820
2553 6818
4267 6816
4836 6814
4789 6812
5835 6810
466 6808
38 6806
5753 6804
2288 6802
1407 6800
5233 6798
670 6796
5759 6794
5552 6792
2238 6790
3654 6788
2297 6786
5581 6784
2018 6782
4837 6780
5237 6778
3747 6776
884 6774
711 6772
3801 6770
4285 6768
4195 6766
6135 6764
992 6762
4722 6760
353 6758
515 6756
2307 6754
5318 6752
404 6750
3231 6748
561 6746
2980 6744
4432 6742
2124 6740
1325 6738
5625 6736
6628 6734
4680 6732
5032 6730
1909 6728
1024 6726
2825 6724
2517 6722
4385 6720
2357 6718
6021 6716
1072 6714
5127 6712
2307 6710
2610 6708
6474 6706
734 6704
4146 6702
3503 6700
4974 6698
2360 6696
6614 6694
4724 6692
3691 6690
1584 6688
1549 6686
3441 6684
2968 6682
3227 6680
1775 6678
4898 6676
1351 6674
4861 6672
4175 6670
5580 6668
5393 6666
4210 6664
3980 6662
3161 6660
123 6658
1060 6656
4207 6654
5227 6652
1250 6650
2921 6648
625 6646
460 6644
1253 6642
6480 6640
5538 6638
5133 6636
1563 6634
4563 6632
4842 6630
2043 6628
1263 6626
4350 6624
3996 6622
3852 6620
830 6618
174 6616
2715 6614
2034 6612
3086 6610
904 6608
2415 6606
1563 6604
3421 6602
3284 6600
1370 6598
3300 6596
772 6594
3053 6592
4484 6590
5956 6588
4225 6586
2430 6584
4955 6582
2772 6580
4085 6578
2659 6576
2270 6574
421 6572
288 6570
1024 6568
3132 6566
5837 6564
2657 6562
3390 6560
4042 6558
4594 6556
1500 6554
6378 6552
1088 6550
4823 6548
6299 6546
5260 6544
53 6542
2779 6540
2694 6538
1040 6536
449 6534
5676 6532
2207 6530
5470 6528
4977 6526
1205 6524
4667 6522
1504 6520
3855 6518
5150 6516
4921 6514
6414 6512
4598 6510
4039 6508
3605 6506
102 6504
1428 6502
2993 6500
3268 6498
3531 6496
2018 6494
2197 6492
4131 6490
4604 6488
6323 6486
5975 6484
5278 6482
1229 6480
3568 6478
397 6476
3859 6474
1982 6472
2482 6470
5755 6468
6028 6466
4000 6464
2248 6462
2802 6460
4546 6458
5552 6456
251 6454
5331 6452
2386 6450
5687 6448
2869 6446
278 6444
5786 6442
4436 6440
1726 6438
932 6436
4929 6434
6102 6432
4750 6430
1299 6428
25 6426
817 6424
1219 6422
1263 6420
4822 6418
5380 6416
4459 6414
961 6412
1373 6410
2856 6408
233 6406
5316 6404
4160 6402
738 6400
2933 6398
5962 6396
4510 6394
4302 6392
4086 6390
4590 6388
1633 6386
5179 6384
3836 6382
3044 6380
332 6378
273 6376
3851 6374
1377 6372
6250 6370
314 6368
3470 6366
1821 6364
281 6362
5746 6360
6333 6358
3345 6356
6122 6354
1101 6352
6247 6350
3252 6348
5359 6346
4904 6344
501 6342
953 6340
390 6338
4777 6336
339 6334
973 6332
424 6330
5772 6328
3836 6326
4906 6324
1884 6322
3019 6320
1592 6318
5381 6316
3744 6314
5351 6312
5274 6310
3918 6308
3292 6306
848 6304
13 6302
1908 6300
4884 6298
4364 6296
2644 6294
3011 6292
4394 6290
2626 6288
4382 6286
2930 6284
2442 6282
2755 6280
3738 6278
4735 6276
4215 6274
916 6272
2662 6270
3243 6268
3483 6266
2515 6264
933 6262
5550 6260
4224 6258
2602 6256
492 6254
296 6252
2260 6250
4241 6248
3712 6246
3729 6244
5020 6242
309 6240
428 6238
3860 6236
2310 6234
465 6232
998 6230
5422 6228
3531 6226
444 6224
2915 6222
11 6220
3251 6218
1052 6216
3225 6214
5440 6212
445 6210
1579 6208
6090 6206
2317 6204
672 6202
4958 6200
2600 6198
1342 6196
1376 6194
5258 6192
2404 6190
578 6188
4946 6186
4085 6184
2466 6182
477 6180
5464 6178
5424 6176
2361 6174
659 6172
52 6170
2511 6168
1875 6166
3122 6164
3329 6162
1961 6160
2121 6158
2722 6156
3640 6154
2151 6152
4142 6150
2139 6148
5977 6146
2821 6144
6085 6142
5676 6140
2260 6138
3396 6136
5891 6134
741 6132
3199 6130
5452 6128
4777 6126
153 6124
2378 6122
3536 6120
2732 6118
4341 6116
2476 6114
3190 6112
570 6110
451 6108
1152 6106
2623 6104
4199 6102
2659 6100
380 6098
331 6096
836 6094
3806 6092
589 6090
612 6088
2482 6086
1153 6084
2643 6082
6065 6080
4256 6078
2362 6076
3696 6074
2940 6072
4735 6070
4452 6068
4580 6066
5979 6064
4274 6062
2223 6060
449 6058
3670 6056
5378 6054
1783 6052
686 6050
4207 6048
1342 6046
2200 6044
5993 6042
1651 6040
2852 6038
4322 6036
4369 6034
1554 6032
2557 6030
3674 6028
5115 6026
3881 6024
2472 6022
1426 6020
5253 6018
807 6016
5840 6014
1534 6012
4554 6010
2552 6008
5751 6006
514 6004
3403 6002
1139 6000
5621 5998
70 5996
1056 5994
3122 5992
5303 5990
1070 5988
21 5986
4215 5984
5717 5982
348 5980
5719 5978
3861 5976
3169 5974
3863 5972
4460 5970
1108 5968
2555 5966
2524 5964
5929 5962
3554 5960
2626 5958
2293 5956
3931 5954
1118 5952
4366 5950
4125 5948
1341 5946
3538 5944
3774 5942
4523 5940
445 5938
1626 5936
4731 5934
5375 5932
4804 5930
4039 5928
1475 5926
1802 5924
2973 5922
924 5920
118 5918
3229 5916
5597 5914
4565 5912
3236 5910
3548 5908
2910 5906
4868 5904
3721 5902
977 5900
3120 5898
2759 5896
3405 5894
5561 5892
1104 5890
3089 5888
5046 5886
3214 5884
2204 5882
4911 5880
5755 5878
502 5876
811 5874
5729 5872
4099 5870
3500 5868
3464 5866
2955 5864
3221 5862
2526 5860
3899 5858
4408 5856
1881 5854
4309 5852
4505 5850
432 5848
3679 5846
820 5844
4730 5842
4137 5840
753 5838
5590 5836
2972 5834
2609 5832
310 5830
4743 5828
1034 5826
4200 5824
1562 5822
2049 5820
244 5818
589 5816
225 5814
2774 5812
1869 5810
594 5808
5103 5806
778 5804
758 5802
5366 5800
1597 5798
2404 5796
2600 5794
1895 5792
4916 5790
5628 5788
5321 5786
436 5784
5704 5782
4209 5780
100 5778
96 5776
697 5774
5271 5772
1402 5770
3580 5768
3927 5766
409 5764
3347 5762
5297 5760
1450 5758
2002 5756
1276 5754
2559 5752
3618 5750
1235 5748
4744 5746
5200 5744
757 5742
3805 5740
5698 5738
1741 5736
256 5734
2815 5732
1214 5730
194 5728
4258 5726
3263 5724
5345 5722
1483 5720
2447 5718
3278 5716
280 5714
2193 5712
1762 5710
3731 5708
752 5706
4441 5704
4985 5702
1380 5700
1676 5698
1898 5696
3294 5694
4549 5692
3815 5690
5442 5688
715 5686
2434 5684
4809 5682
3227 5680
3519 5678
166 5676
5453 5674
443 5672
5 5670
1771 5668
4039 5666
3567 5664
2537 5662
4435 5660
4339 5658
1524 5656
3877 5654
4241 5652
1747 5650
4761 5648
3983 5646
50 5644
3281 5642
491 5640
882 5638
2056 5636
5215 5634
2989 5632
2144 5630
4208 5628
5127 5626
2218 5624
3313 5622
1766 5620
4155 5618
5401 5616
2870 5614
4524 5612
167 5610
3259 5608
5583 5606
4587 5604
968 5602
270 5600
500 5598
1551 5596
3308 5594
4371 5592
1263 5590
5238 5588
735 5586
1205 5584
4596 5582
379 5580
1214 5578
2154 5576
5510 5574
2724 5572
3880 5570
4434 5568
3415 5566
3921 5564
4316 5562
4047 5560
477 5558
1692 5556
3688 5554
1587 5552
2708 5550
3070 5548
1678 5546
4306 5544
1273 5542
1338 5540
1799 5538
3728 5536
2897 5534
5153 5532
4086 5530
5169 5528
4679 5526
1419 5524
346 5522
4861 5520
2553 5518
3446 5516
4272 5514
4749 5512
4903 5510
4177 5508
5416 5506
1521 5504
3759 5502
502 5500
70 5498
33 5496
1492 5494
4953 5492
3434 5490
2994 5488
5268 5486
4273 5484
5443 5482
2549 5480
1800 5478
2472 5476
5238 5474
4150 5472
4409 5470
1878 5468
5289 5466
399 5464
4892 5462
4837 5460
4594 5458
5449 5456
1803 5454
4453 5452
3336 5450
1561 5448
3922 5446
561 5444
3350 5442
4780 5440
947 5438
4475 5436
3291 5434
3701 5432
606 5430
4134 5428
987 5426
2293 5424
246 5422
2926 5420
1559 5418
2464 5416
1472 5414
4309 5412
1946 5410
2734 5408
3235 5406
3007 5404
4213 5402
3315 5400
2469 5398
635 5396
1413 5394
2455 5392
2045 5390
1694 5388
2471 5386
3579 5384
3209 5382
2560 5380
4234 5378
754 5376
1743 5374
4213 5372
2257 5370
650 5368
516 5366
5139 5364
2787 5362
5246 5360
1747 5358
1056 5356
3199 5354
2831 5352
4679 5350
1790 5348
3258 5346
2459 5344
3582 5342
769 5340
5326 5338
3352 5336
1994 5334
450 5332
2165 5330
4695 5328
5226 5326
150 5324
2811 5322
4774 5320
5215 5318
1137 5316
1010 5314
2002 5312
4996 5310
3907 5308
5263 5306
2083 5304
3221 5302
354 5300
3066 5298
3047 5296
301 5294
2933 5292
2127 5290
3183 5288
1264 5286
5001 5284
5228 5282
4122 5280
2503 5278
2675 5276
792 5274
3259 5272
3698 5270
372 5268
2886 5266
726 5264
253 5262
3703 5260
3643 5258
4135 5256
2704 5254
2285 5252
118 5250
4104 5248
74 5246
2885 5244
533 5242
790 5240
3689 5238
2116 5236
2856 5234
3652 5232
741 5230
3126 5228
3337 5226
2664 5224
4438 5222
4570 5220
1526 5218
2329 5216
4948 5214
3722 5212
1339 5210
1294 5208
206 5206
3288 5204
4923 5202
1189 5200
2462 5198
2804 5196
1378 5194
640 5192
154 5190
4747 5188
3614 5186
1308 5184
2370 5182
2679 5180
3616 5178
19 5176
1385 5174
2842 5172
1479 5170
4697 5168
1424 5166
451 5164
4621 5162
1693 5160
955 5158
3531 5156
1552 5154
1797 5152
4496 5150
3816 5148
3221 5146
4466 5144
4386 5142
2674 5140
697 5138
4307 5136
3635 5134
2812 5132
2783 5130
2515 5128
3150 5126
3580 5124
33 5122
4398 5120
4224 5118
3020 5116
1217 5114
1259 5112
2856 5110
4759 5108
1603 5106
665 5104
3627 5102
4393 5100
2850 5098
4116 5096
1103 5094
4861 5092
1324 5090
3858 5088
2382 5086
4652 5084
4979 5082
3371 5080
1684 5078
2961 5076
3270 5074
1194 5072
3821 5070
1974 5068
225 5066
1176 5064
1703 5062
1575 5060
3745 5058
3395 5056
2258 5054
1300 5052
2583 5050
2395 5048
2308 5046
4356 5044
4049 5042
4078 5040
3928 5038
135 5036
4970 5034
4038 5032
3522 5030
3015 5028
2234 5026
4602 5024
472 5022
222 5020
3159 5018
2341 5016
3015 5014
1183 5012
3773 5010
177 5008
4237 5006
3303 5004
2383 5002
108 5000
3814 4998
1732 4996
1417 4994
4410 4992
966 4990
927 4988
327 4986
4574 4984
1137 4982
1392 4980
3540 4978
3926 4976
349 4974
4572 4972
184 4970
3032 4968
1338 4966
3322 4964
4334 4962
3797 4960
2791 4958
1688 4956
4099 4954
514 4952
2985 4950
1546 4948
749 4946
2155 4944
3343 4942
661 4940
216 4938
860 4936
3519 4934
2124 4932
2065 4930
817 4928
2023 4926
1491 4924
1749 4922
482 4920
3367 4918
3304 4916
4246 4914
1553 4912
2550 4910
4386 4908
29 4906
2944 4904
4020 4902
4590 4900
4179 4898
2952 4896
645 4894
3909 4892
3492 4890
3813 4888
3950 4886
2934 4884
3632 4882
518 4880
2842 4878
2979 4876
370 4874
426 4872
3230 4870
4797 4868
1503 4866
2998 4864
521 4862
2985 4860
2038 4858
3922 4856
4385 4854
2919 4852
2905 4850
4123 4848
1327 4846
219 4844
2713 4842
4099 4840
4651 4838
489 4836
816 4834
2726 4832
304 4830
755 4828
1938 4826
855 4824
2122 4822
1902 4820
1218 4818
1881 4816
3604 4814
2297 4812
1639 4810
234 4808
123 4806
3805 4804
218 4802
1662 4800
3206 4798
1762 4796
2226 4794
2883 4792
4069 4790
4712 4788
1349 4786
1067 4784
3187 4782
729 4780
1670 4778
2249 4776
4427 4774
2793 4772
945 4770
4594 4768
1727 4766
2633 4764
3995 4762
3189 4760
4291 4758
642 4756
4380 4754
1673 4752
2462 4750
3635 4748
4493 4746
3765 4744
3289 4742
4269 4740
1488 4738
3152 4736
3727 4734
4417 4732
2034 4730
1144 4728
1742 4726
3195 4724
343 4722
4248 4720
243 4718
4295 4716
2742 4714
3584 4712
1389 4710
3341 4708
1067 4706
1759 4704
4665 4702
3635 4700
3882 4698
402 4696
3086 4694
3951 4692
4581 4690
3970 4688
4128 4686
2064 4684
124 4682
1212 4680
2863 4678
2121 4676
569 4674
783 4672
282 4670
698 4668
340 4666
3221 4664
3009 4662
942 4660
662 4658
1643 4656
3860 4654
4523 4652
3550 4650
3017 4648
3903 4646
1592 4644
1169 4642
2903 4640
1002 4638
536 4636
2362 4634
3762 4632
4374 4630
2665 4628
2183 4626
1952 4624
471 4622
3079 4620
2402 4618
4489 4616
148 4614
3444 4612
3052 4610
2907 4608
1133 4606
2190 4604
1912 4602
165 4600
878 4598
445 4596
4500 4594
3826 4592
2196 4590
2381 4588
393 4586
4382 4584
1972 4582
3835 4580
299 4578
3723 4576
3881 4574
3157 4572
3108 4570
3167 4568
3898 4566
4522 4564
2111 4562
4369 4560
2152 4558
2994 4556
1225 4554
4385 4552
2694 4550
1719 4548
3828 4546
2752 4544
337 4542
1947 4540
3025 4538
4073 4536
4014 4534
3185 4532
2869 4530
3847 4528
1246 4526
4131 4524
2849 4522
3822 4520
2825 4518
1567 4516
4158 4514
3033 4512
443 4510
4112 4508
4465 4506
2789 4504
245 4502
2235 4500
961 4498
2744 4496
112 4494
1212 4492
4117 4490
1282 4488
117 4486
603 4484
718 4482
4404 4480
3907 4478
3203 4476
4396 4474
1985 4472
1708 4470
1936 4468
3534 4466
2975 4464
4298 4462
1704 4460
4208 4458
2542 4456
1864 4454
4251 4452
1460 4450
1501 4448
533 4446
2667 4444
3643 4442
3622 4440
2153 4438
2894 4436
1222 4434
974 4432
3105 4430
2376 4428
1655 4426
4075 4424
86 4422
3942 4420
2622 4418
3854 4416
2481 4414
667 4412
947 4410
937 4408
2986 4406
4158 4404
2087 4402
648 4400
57 4398
3524 4396
2758 4394
3154 4392
1385 4390
2700 4388
1831 4386
2513 4384
295 4382
2764 4380
1000 4378
4057 4376
42 4374
4163 4372
3248 4370
1514 4368
396 4366
916 4364
593 4362
9 4360
1306 4358
1612 4356
3766 4354
461 4352
3083 4350
3192 4348
3274 4346
2539 4344
1767 4342
3659 4340
2177 4338
3601 4336
280 4334
3164 4332
3902 4330
2684 4328
2543 4326
3015 4324
2750 4322
1332 4320
1051 4318
834 4316
106 4314
3708 4312
2057 4310
420 4308
3252 4306
742 4304
3744 4302
2938 4300
1569 4298
548 4296
1056 4294
1973 4292
813 4290
2269 4288
2725 4286
1469 4284
4255 4282
2110 4280
3793 4278
4248 4276
2514 4274
3051 4272
1922 4270
753 4268
1059 4266
1469 4264
2443 4262
885 4260
4172 4258
3564 4256
1229 4254
2234 4252
2858 4250
3897 4248
1735 4246
1499 4244
2866 4242
3867 4240
1231 4238
1290 4236
3029 4234
583 4232
3091 4230
3193 4228
1919 4226
890 4224
539 4222
1483 4220
1669 4218
1896 4216
3285 4214
3258 4212
3945 4210
2501 4208
1695 4206
1927 4204
2318 4202
162 4200
1143 4198
2836 4196
1459 4194
1017 4192
1502 4190
3424 4188
2930 4186
3845 4184
4157 4182
135 4180
1228 4178
1919 4176
4016 4174
341 4172
2299 4170
2987 4168
187 4166
1291 4164
192 4162
3355 4160
1398 4158
3383 4156
3755 4154
714 4152
925 4150
3602 4148
965 4146
751 4144
4126 4142
3800 4140
1504 4138
330 4136
4088 4134
2199 4132
4116 4130
1821 4128
3648 4126
3206 4124
1510 4122
1343 4120
3130 4118
2811 4116
355 4114
3137 4112
3055 4110
2395 4108
1999 4106
924 4104
1296 4102
1861 4100
221 4098
2412 4096
432 4094
1646 4092
2834 4090
2940 4088
2322 4086
3905 4084
1788 4082
2041 4080
697 4078
1198 4076
1447 4074
145 4072
1078 4070
1110 4068
769 4066
1833 4064
1917 4062
3174 4060
2340 4058
1939 4056
3986 4054
1422 4052
2065 4050
1629 4048
1462 4046
1005 4044
1622 4042
3860 4040
2045 4038
2701 4036
30 4034
3570 4032
3178 4030
2846 4028
1719 4026
3589 4024
3833 4022
1546 4020
1519 4018
954 4016
3566 4014
932 4012
3873 4010
3594 4008
1475 4006
2466 4004
1512 4002
2173 4000
1174 3998
1253 3996
2133 3994
1563 3992
410 3990
1894 3988
3062 3986
1763 3984
3948 3982
366 3980
3199 3978
666 3976
3511 3974
2597 3972
1182 3970
2910 3968
2017 3966
2535 3964
3890 3962
3945 3960
624 3958
3626 3956
678 3954
484 3952
917 3950
737 3948
557 3946
1208 3944
756 3942
3369 3940
3643 3938
3566 3936
707 3934
2074 3932
3181 3930
1453 3928
808 3926
3013 3924
1532 3922
3745 3920
1617 3918
3001 3916
3415 3914
3021 3912
2288 3910
2956 3908
714 3906
3230 3904
3857 3902
2656 3900
2773 3898
793 3896
3648 3894
2227 3892
2189 3890
1834 3888
2282 3886
3816 3884
3082 3882
1202 3880
2753 3878
188 3876
2741 3874
2210 3872
518 3870
244 3868
2248 3866
2977 3864
941 3862
2884 3860
3615 3858
1824 3856
3794 3854
3452 3852
1386 3850
1258 3848
1214 3846
1083 3844
3359 3842
1256 3840
1664 3838
1468 3836
707 3834
1502 3832
2018 3830
1788 3828
2090 3826
2013 3824
1178 3822
1015 3820
2871 3818
3147 3816
378 3814
679 3812
2564 3810
2575 3808
2344 3806
2704 3804
3501 3802
161 3800
1550 3798
3029 3796
3521 3794
203 3792
529 3790
2282 3788
3300 3786
630 3784
2139 3782
3620 3780
1513 3778
1423 3776
3076 3774
3748 3772
1013 3770
550 3768
2709 3766
2457 3764
1237 3762
3354 3760
1037 3758
3437 3756
3298 3754
1801 3752
1963 3750
3702 3748
1192 3746
2090 3744
407 3742
2689 3740
215 3738
707 3736
251 3734
1485 3732
2886 3730
2559 3728
496 3726
2136 3724
1306 3722
885 3720
43 3718
1834 3716
817 3714
3073 3712
1097 3710
2543 3708
2249 3706
1155 3704
2686 3702
3668 3700
84 3698
2436 3696
2757 3694
268 3692
1098 3690
1978 3688
2635 3686
124 3684
3452 3682
2169 3680
3386 3678
1746 3676
2487 3674
64 3672
433 3670
2021 3668
2116 3666
2980 3664
1063 3662
1263 3660
3228 3658
555 3656
1370 3654
1931 3652
259 3650
1560 3648
369 3646
2600 3644
2206 3642
3583 3640
3589 3638
863 3636
3506 3634
3307 3632
1472 3630
1457 3628
3554 3626
1589 3624
3570 3622
3516 3620
825 3618
3611 3616
277 3614
939 3612
2190 3610
269 3608
1138 3606
3238 3604
1295 3602
642 3600
2751 3598
100 3596
1661 3594
2907 3592
2799 3590
2065 3588
639 3586
2635 3584
919 3582
1168 3580
1931 3578
3154 3576
1945 3574
2710 3572
2684 3570
525 3568
2394 3566
880 3564
1011 3562
2733 3560
1150 3558
3386 3556
1588 3554
2265 3552
498 3550
459 3548
2186 3546
3004 3544
2030 3542
2413 3540
1511 3538
1708 3536
1201 3534
2411 3532
1626 3530
3154 3528
2739 3526
2746 3524
1172 3522
1659 3520
1256 3518
2317 3516
1119 3514
1943 3512
1989 3510
747 3508
1900 3506
1886 3504
3134 3502
112 3500
3091 3498
3487 3496
2045 3494
421 3492
2919 3490
23 3488
1298 3486
1035 3484
452 3482
1426 3480
2710 3478
719 3476
2384 3474
1843 3472
2050 3470
149 3468
1001 3466
3269 3464
2449 3462
2835 3460
725 3458
180 3456
180 3454
1351 3452
570 3450
1663 3448
2568 3446
1095 3444
2136 3442
636 3440
2074 3438
1159 3436
2992 3434
65 3432
2632 3430
2386 3428
3156 3426
375 3424
2232 3422
2202 3420
627 3418
1694 3416
567 3414
948 3412
438 3410
2365 3408
2431 3406
1347 3404
3288 3402
1476 3400
2482 3398
3254 3396
1435 3394
1450 3392
1744 3390
271 3388
1063 3386
892 3384
3242 3382
123 3380
2801 3378
1944 3376
1625 3374
1189 3372
3224 3370
2724 3368
2023 3366
764 3364
1457 3362
1575 3360
876 3358
1488 3356
777 3354
1717 3352
1922 3350
2974 3348
214 3346
3197 3344
548 3342
3112 3340
2903 3338
1037 3336
889 3334
1600 3332
1761 3330
3119 3328
3147 3326
2251 3324
2807 3322
2022 3320
984 3318
822 3316
1369 3314
2457 3312
2521 3310
1724 3308
747 3306
2138 3304
3061 3302
107 3300
2989 3298
2802 3296
471 3294
1009 3292
2872 3290
2869 3288
16 3286
1764 3284
1536 3282
576 3280
3147 3278
2160 3276
685 3274
2061 3272
230 3270
2056 3268
1601 3266
1724 3264
729 3262
321 3260
2979 3258
848 3256
1153 3254
2548 3252
2874 3250
1438 3248
162 3246
2366 3244
2959 3242
72 3240
338 3238
2882 3236
222 3234
3061 3232
1025 3230
2535 3228
326 3226
2517 3224
1653 3222
588 3220
816 3218
1409 3216
2772 3214
412 3212
1648 3210
3118 3208
1030 3206
437 3204
2595 3202
1805 3200
2557 3198
2789 3196
2628 3194
1890 3192
37 3190
745 3188
1461 3186
17 3184
1234 3182
2440 3180
1842 3178
424 3176
2558 3174
268 3172
2117 3170
3103 3168
3020 3166
1368 3164
1532 3162
170 3160
2919 3158
1765 3156
911 3154
2769 3152
250 3150
1620 3148
1077 3146
479 3144
2155 3142
1669 3140
3006 3138
1809 3136
389 3134
1647 3132
2054 3130
2296 3128
1576 3126
187 3124
698 3122
1435 3120
1881 3118
2748 3116
1576 3114
2178 3112
869 3110
792 3108
1578 3106
2907 3104
628 3102
2723 3100
706 3098
556 3096
803 3094
1302 3092
2028 3090
2019 3088
2297 3086
2444 3084
1750 3082
328 3080
1709 3078
54 3076
628 3074
2400 3072
1144 3070
504 3068
650 3066
1892 3064
2487 3062
305 3060
117 3058
1034 3056
1391 3054
977 3052
2800 3050
2796 3048
1346 3046
1918 3044
2095 3042
56 3040
3013 3038
2325 3036
2299 3034
1318 3032
507 3030
2033 3028
977 3026
808 3024
16 3022
291 3020
92 3018
145 3016
1557 3014
778 3012
1413 3010
2143 3008
720 3006
403 3004
2359 3002
2026 3000
1978 2998
342 2996
2086 2994
1040 2992
2178 2990
68 2988
2812 2986
943 2984
2106 2982
1659 2980
2222 2978
1896 2976
677 2974
1602 2972
263 2970
1487 2968
1674 2966
1529 2964
1933 2962
1764 2960
309 2958
266 2956
1607 2954
939 2952
693 2950
1681 2948
1773 2946
2466 2944
529 2942
151 2940
1624 2938
1366 2936
788 2934
1330 2932
1147 2930
5 2928
2392 2926
2136 2924
710 2922
101 2920
1810 2918
2155 2916
511 2914
2394 2912
1531 2910
1903 2908
736 2906
506 2904
1150 2902
2347 2900
2704 2898
2122 2896
1968 2894
39 2892
842 2890
2271 2888
467 2886
2321 2884
586 2882
2152 2880
1662 2878
2148 2876
2617 2874
209 2872
288 2870
450 2868
1833 2866
2008 2864
1714 2862
662 2860
903 2858
819 2856
856 2854
1511 2852
1950 2850
2785 2848
1150 2846
1603 2844
225 2842
373 2840
1359 2838
2090 2836
2704 2834
1812 2832
303 2830
2549 2828
94 2826
2361 2824
1209 2822
2095 2820
2575 2818
1024 2816
1011 2814
539 2812
1733 2810
2296 2808
1085 2806
955 2804
1990 2802
1102 2800
727 2798
638 2796
79 2794
588 2792
216 2790
823 2788
1363 2786
1453 2784
1231 2782
196 2780
655 2778
1380 2776
2167 2774
2063 2772
1725 2770
925 2768
205 2766
2713 2764
1862 2762
2334 2760
57 2758
934 2756
2579 2754
1527 2752
972 2750
1156 2748
870 2746
657 2744
803 2742
1676 2740
2686 2738
1734 2736
1671 2734
287 2732
190 2730
707 2728
149 2726
1213 2724
1063 2722
1170 2720
269 2718
480 2716
2519 2714
1217 2712
1371 2710
928 2708
1614 2706
1505 2704
228 2702
1199 2700
399 2698
939 2696
1090 2694
2536 2692
336 2690
451 2688
713 2686
119 2684
2325 2682
291 2680
233 2678
1912 2676
1118 2674
2611 2672
2483 2670
2186 2668
2595 2666
384 2664
563 2662
850 2660
2021 2658
1634 2656
1398 2654
2358 2652
2389 2650
1554 2648
2607 2646
502 2644
413 2642
1885 2640
2012 2638
483 2636
1812 2634
2386 2632
594 2630
2400 2628
2142 2626
755 2624
541 2622
61 2620
2040 2618
333 2616
2463 2614
869 2612
741 2610
2066 2608
758 2606
2537 2604
1457 2602
1822 2600
921 2598
873 2596
2415 2594
2057 2592
1730 2590
828 2588
1928 2586
1522 2584
25 2582
1021 2580
638 2578
1112 2576
1959 2574
317 2572
567 2570
554 2568
1429 2566
1108 2564
2174 2562
1797 2560
1790 2558
2033 2556
1840 2554
1385 2552
588 2550
2507 2548
1388 2546
1273 2544
1086 2542
2426 2540
660 2538
126 2536
1355 2534
2325 2532
750 2530
1916 2528
1269 2526
2231 2524
1850 2522
948 2520
1394 2518
1399 2516
2087 2514
913 2512
1080 2510
338 2508
2083 2506
1344 2504
44 2502
2210 2500
920 2498
1628 2496
837 2494
2190 2492
2448 2490
2104 2488
458 2486
804 2484
579 2482
2458 2480
265 2478
2407 2476
532 2474
2011 2472
2028 2470
735 2468
442 2466
813 2464
320 2462
2185 2460
2416 2458
2341 2456
2363 2454
601 2452
2375 2450
395 2448
70 2446
829 2444
2167 2442
1840 2440
1782 2438
332 2436
522 2434
1011 2432
2424 2430
1908 2428
1698 2426
409 2424
1255 2422
1840 2420
2094 2418
788 2416
1105 2414
376 2412
1108 2410
700 2408
678 2406
2196 2404
730 2402
1719 2400
1883 2398
52 2396
1702 2394
806 2392
484 2390
1429 2388
1486 2386
176 2384
1374 2382
644 2380
1281 2378
1166 2376
1686 2374
319 2372
1026 2370
1555 2368
1932 2366
2037 2364
977 2362
1884 2360
450 2358
1803 2356
983 2354
278 2352
807 2350
1356 2348
370 2346
1333 2344
1313 2342
1526 2340
751 2338
1113 2336
700 2334
1655 2332
1239 2330
1751 2328
1366 2326
1918 2324
2007 2322
1323 2320
1890 2318
815 2316
1515 2314
1904 2312
2273 2310
959 2308
199 2306
2101 2304
2273 2302
1944 2300
185 2298
130 2296
1580 2294
620 2292
1089 2290
2039 2288
1136 2286
1427 2284
352 2282
404 2280
53 2278
1422 2276
588 2274
2065 2272
1324 2270
1918 2268
1453 2266
1677 2264
1849 2262
1201 2260
1268 2258
1293 2256
847 2254
613 2252
1417 2250
938 2248
1026 2246
1054 2244
640 2242
717 2240
1557 2238
2184 2236
2163 2234
386 2232
161 2230
1405 2228
425 2226
1044 2224
1255 2222
1132 2220
574 2218
843 2216
101 2214
1263 2212
1718 2210
235 2208
892 2206
1357 2204
46 2202
1147 2200
551 2198
1703 2196
1075 2194
232 2192
962 2190
130 2188
621 2186
607 2184
1214 2182
1962 2180
480 2178
247 2176
825 2174
1917 2172
698 2170
151 2168
1211 2166
404 2164
1207 2162
1192 2160
2046 2158
1320 2156
1860 2154
546 2152
2109 2150
222 2148
1762 2146
1592 2144
2115 2142
305 2140
883 2138
1118 2136
2021 2134
189 2132
1610 2130
1624 2128
805 2126
1678 2124
1920 2122
611 2120
21 2118
1178 2116
434 2114
1699 2112
303 2110
1658 2108
1668 2106
1119 2104
1924 2102
1183 2100
1411 2098
737 2096
1222 2094
731 2092
1857 2090
162 2088
1706 2086
487 2084
561 2082
116 2080
863 2078
657 2076
10 2074
89 2072
1256 2070
1223 2068
917 2066
395 2064
1222 2062
1200 2060
944 2058
384 2056
1309 2054
1201 2052
357 2050
767 2048
1988 2046
1488 2044
1101 2042
582 2040
1699 2038
1762 2036
266 2034
1995 2032
601 2030
1462 2028
410 2026
1833 2024
1795 2022
1874 2020
1893 2018
1325 2016
1543 2014
548 2012
1961 2010
1319 2008
1361 2006
1231 2004
1830 2002
874 2000
916 1998
1527 1996
992 1994
1901 1992
1925 1990
116 1988
1122 1986
1579 1984
1477 1982
1797 1980
1558 1978
1967 1976
818 1974
613 1972
600 1970
29 1968
1939 1966
568 1964
1423 1962
1482 1960
845 1958
1460 1956
92 1954
98 1952
1626 1950
1749 1948
716 1946
1479 1944
1472 1942
1725 1940
856 1938
233 1936
1877 1934
904 1932
1221 1930
1611 1928
1457 1926
833 1924
985 1922
53 1920
1138 1918
642 1916
1203 1914
14 1912
565 1910
1575 1908
1582 1906
103 1904
1551 1902
150 1900
1588 1898
1640 1896
1845 1894
1728 1892
1284 1890
475 1888
547 1886
318 1884
219 1882
33 1880
775 1878
389 1876
561 1874
990 1872
681 1870
1215 1868
1562 1866
1615 1864
1216 1862
884 1860
606 1858
1539 1856
153 1854
1470 1852
1746 1850
265 1848
1472 1846
723 1844
1766 1842
767 1840
687 1838
874 1836
1376 1834
1773 1832
156 1830
320 1828
1179 1826
1787 1824
105 1822
1659 1820
264 1818
535 1816
695 1814
265 1812
1316 1810
1004 1808
1176 1806
250 1804
1680 1802
609 1800
1703 1798
1089 1796
1673 1794
1405 1792
1651 1790
1703 1788
527 1786
997 1784
1433 1782
1 1780
57 1778
1422 1776
957 1774
1595 1772
388 1770
734 1768
1636 1766
1074 1764
1265 1762
669 1760
152 1758
1340 1756
713 1754
1324 1752
1095 1750
208 1748
565 1746
1686 1744
1108 1742
316 1740
272 1738
106 1736
1031 1734
329 1732
708 1730
1636 1728
524 1726
361 1724
805 1722
692 1720
132 1718
522 1716
1008 1714
541 1712
833 1710
1478 1708
457 1706
1264 1704
1614 1702
333 1700
365 1698
915 1696
1539 1694
1324 1692
350 1690
371 1688
724 1686
197 1684
642 1682
1632 1680
636 1678
404 1676
79 1674
239 1672
1113 1670
1475 1668
1458 1666
547 1664
616 1662
1045 1660
1153 1658
229 1656
811 1654
471 1652
886 1650
1511 1648
155 1646
1422 1644
1588 1642
285 1640
745 1638
946 1636
973 1634
1583 1632
444 1630
1046 1628
928 1626
1603 1624
290 1622
484 1620
162 1618
600 1616
1341 1614
614 1612
1462 1610
965 1608
684 1606
839 1604
563 1602
468 1600
227 1598
633 1596
1172 1594
1121 1592
1498 1590
135 1588
1487 1586
75 1584
541 1582
1031 1580
398 1578
1007 1576
1211 1574
1212 1572
1020 1570
405 1568
1556 1566
909 1564
464 1562
173 1560
280 1558
1436 1556
817 1554
280 1552
1408 1550
364 1548
1381 1546
712 1544
1276 1542
818 1540
1496 1538
238 1536
1251 1534
1439 1532
1006 1530
112 1528
1458 1526
1445 1524
293 1522
76 1520
139 1518
891 1516
1065 1514
1458 1512
1007 1510
667 1508
1416 1506
1016 1504
974 1502
1363 1500
726 1498
894 1496
1164 1494
450 1492
71 1490
1191 1488
765 1486
1024 1484
1313 1482
395 1480
1223 1478
763 1476
838 1474
829 1472
1432 1470
816 1468
618 1466
85 1464
821 1462
275 1460
1234 1458
892 1456
94 1454
311 1452
365 1450
1229 1448
304 1446
257 1444
1110 1442
1331 1440
765 1438
368 1436
796 1434
1007 1432
691 1430
1151 1428
304 1426
275 1424
865 1422
126 1420
845 1418
240 1416
235 1414
662 1412
1169 1410
367 1408
365 1406
1033 1404
698 1402
523 1400
1 1398
508 1396
1047 1394
246 1392
1090 1390
236 1388
1364 1386
392 1384
612 1382
885 1380
1222 1378
562 1376
829 1374
1361 1372
347 1370
1236 1368
525 1366
1159 1364
349 1362
1260 1360
251 1358
670 1356
1316 1354
541 1352
667 1350
1159 1348
472 1346
516 1344
317 1342
663 1340
931 1338
757 1336
1071 1334
159 1332
660 1330
113 1328
57 1326
781 1324
96 1322
917 1320
1204 1318
1006 1316
642 1314
955 1312
176 1310
163 1308
1187 1306
997 1304
507 1302
297 1300
836 1298
1225 1296
323 1294
552 1292
1043 1290
1064 1288
230 1286
879 1284
104 1282
733 1280
713 1278
890 1276
1074 1274
321 1272
564 1270
297 1268
955 1266
289 1264
1049 1262
490 1260
380 1258
108 1256
463 1254
181 1252
830 1250
888 1248
320 1246
4 1244
74 1242
403 1240
866 1238
139 1236
339 1234
62 1232
676 1230
1183 1228
240 1226
967 1224
210 1222
73 1220
179 1218
721 1216
38 1214
364 1212
3 1210
1153 1208
144 1206
161 1204
1003 1202
532 1200
1139 1198
1186 1196
107 1194
209 1192
207 1190
1111 1188
204 1186
547 1184
710 1182
110 1180
586 1178
764 1176
1151 1174
225 1172
1164 1170
529 1168
822 1166
675 1164
1110 1162
360 1160
805 1158
402 1156
676 1154
428 1152
375 1150
337 1148
686 1146
592 1144
281 1142
977 1140
768 1138
721 1136
672 1134
1063 1132
1026 1130
743 1128
400 1126
451 1124
278 1122
834 1120
498 1118
841 1116
441 1114
485 1112
910 1110
63 1108
143 1106
131 1104
982 1102
815 1100
902 1098
541 1096
316 1094
808 1092
696 1090
25 1088
185 1086
672 1084
1059 1082
573 1080
370 1078
996 1076
674 1074
128 1072
373 1070
807 1068
111 1066
627 1064
742 1062
105 1060
690 1058
876 1056
844 1054
1024 1052
744 1050
940 1048
259 1046
422 1044
348 1042
453 1040
154 1038
303 1036
861 1034
202 1032
975 1030
555 1028
76 1026
696 1024
432 1022
742 1020
214 1018
749 1016
915 1014
614 1012
51 1010
765 1008
962 1006
276 1004
549 1002
223 1000
502 998
360 996
530 994
988 992
692 990
696 988
653 986
448 984
957 982
106 980
801 978
37 976
438 974
257 972
662 970
746 968
316 966
133 964
711 962
292 960
581 958
297 956
100 954
763 952
698 950
918 948
919 946
941 944
642 942
304 940
416 938
338 936
461 934
278 932
857 930
902 928
221 926
574 924
426 922
815 920
278 918
745 916
135 914
209 912
348 910
539 908
881 906
224 904
67 902
77 900
20 898
300 896
748 894
392 892
714 890
757 888
163 886
465 884
608 882
343 880
712 878
697 876
288 874
203 872
812 870
403 868
77 866
816 864
275 862
575 860
639 858
528 856
471 854
306 852
150 850
483 848
741 846
204 844
674 842
100 840
115 838
674 836
428 834
380 832
295 830
768 828
331 826
412 824
322 822
494 820
158 818
44 816
631 814
221 812
20 810
421 808
320 806
415 804
18 802
655 800
618 798
265 796
623 794
552 792
285 790
111 788
63 786
128 784
511 782
103 780
192 778
515 776
330 774
716 772
115 770
402 768
619 766
634 764
356 762
259 760
711 758
134 756
411 754
82 752
397 750
198 748
275 746
87 744
613 742
492 740
515 738
209 736
44 734
354 732
17 730
468 728
379 726
245 724
60 722
685 720
619 718
66 716
612 714
461 712
354 710
614 708
330 706
32 704
125 702
560 700
261 698
388 696
177 694
97 692
563 690
436 688
476 686
162 684
0 682
241 680
450 678
533 676
425 674
425 672
500 670
387 668
399 666
623 664
136 662
317 660
265 658
614 656
208 654
48 652
216 650
87 648
482 646
641 644
188 642
604 640
543 638
443 636
36 634
452 632
60 630
198 628
356 626
369 624
58 622
247 620
555 618
610 616
330 614
280 612
258 610
573 608
208 606
403 604
541 602
521 600
554 598
42 596
211 594
135 592
332 590
553 588
271 586
425 584
435 582
116 580
82 578
216 576
379 574
527 572
71 570
563 568
181 566
422 564
16 562
53 560
229 558
65 556
116 554
138 552
140 550
277 548
456 546
112 544
88 542
219 540
184 538
429 536
285 534
396 532
279 530
454 528
65 526
362 524
323 522
129 520
97 518
370 516
313 514
128 512
285 510
113 508
302 506
312 504
241 502
381 500
206 498
403 496
401 494
297 492
444 490
260 488
167 486
252 484
86 482
226 480
458 478
131 476
334 474
203 472
280 470
13 468
8 466
51 464
149 462
253 460
15 458
288 456
99 454
83 452
187 450
409 448
403 446
380 444
440 442
304 440
257 438
365 436
60 434
194 432
285 430
275 428
333 426
369 424
137 422
104 420
131 418
144 416
98 414
260 412
225 410
385 408
95 406
366 404
189 402
28 400
203 398
347 396
116 394
81 392
158 390
309 388
273 386
84 384
354 382
34 380
258 378
269 376
70 374
294 372
303 370
15 368
291 366
173 364
316 362
275 360
148 358
272 356
297 354
235 352
219 350
284 348
264 346
72 344
330 342
157 340
209 338
264 336
13 334
50 332
301 330
40 328
99 326
62 324
174 322
140 320
100 318
88 316
270 314
35 312
263 310
58 308
46 306
63 304
95 302
202 300
260 298
103 296
19 294
272 292
23 290
252 288
119 286
53 284
230 282
206 280
16 278
94 276
248 274
192 272
102 270
211 268
185 266
160 264
103 262
28 260
147 258
245 256
85 254
172 252
168 250
228 248
211 246
176 244
81 242
187 240
66 238
197 236
115 234
9 232
112 230
115 228
65 226
168 224
135 222
85 220
75 218
14 216
19 214
185 212
54 210
150 208
155 206
90 204
129 202
26 200
64 198
70 196
81 194
65 192
121 190
122 188
116 186
2 184
180 182
16 180
145 178
64 176
31 174
132 172
42 170
34 168
57 166
18 164
19 162
82 160
125 158
29 156
78 154
86 152
26 150
32 148
116 146
83 144
14 142
70 140
77 138
116 136
21 134
14 132
97 130
103 128
25 126
13 124
42 122
104 120
93 118
51 116
41 114
0 112
28 110
98 108
102 106
34 104
72 102
28 100
56 98
36 96
42 94
73 92
12 90
84 88
57 86
33 84
38 82
26 80
66 78
60 76
23 74
59 72
31 70
28 68
21 66
37 64
48 62
28 60
23 58
45 56
30 54
1 52
16 50
38 48
18 46
13 44
22 42
27 40
10 38
32 36
6 34
19 32
29 30
1 28
21 26
0 24
14 22
2 20
8 18
15 16
1 14
2 12
4 10
3 8
0 6
2 4
0 2
