763 2000
1589 1998
1828 1996
1234 1994
758 1992
1086 1990
846 1988
275 1986
425 1984
168 1982
1358 1980
352 1978
1894 1976
1543 1974
1150 1972
569 1970
1720 1968
552 1966
588 1964
1615 1962
1437 1960
1866 1958
1154 1956
498 1954
647 1952
198 1950
1412 1948
1134 1946
1782 1944
351 1942
523 1940
400 1938
508 1936
471 1934
1557 1932
997 1930
1787 1928
261 1926
1531 1924
439 1922
1915 1920
179 1918
1734 1916
1246 1914
249 1912
586 1910
1492 1908
1876 1906
465 1904
1674 1902
334 1900
1478 1898
620 1896
209 1894
944 1892
1592 1890
486 1888
980 1886
1281 1884
827 1882
1256 1880
1178 1878
665 1876
240 1874
1060 1872
824 1870
727 1868
31 1866
57 1864
1746 1862
1506 1860
1163 1858
54 1856
926 1854
703 1852
1211 1850
1374 1848
165 1846
1592 1844
1756 1842
314 1840
1331 1838
97 1836
1722 1834
369 1832
726 1830
1132 1828
1406 1826
519 1824
336 1822
1346 1820
985 1818
548 1816
1637 1814
1346 1812
445 1810
384 1808
1369 1806
443 1804
719 1802
1472 1800
1410 1798
1057 1796
1780 1794
1224 1792
357 1790
167 1788
988 1786
1001 1784
844 1782
391 1780
96 1778
1702 1776
1393 1774
1221 1772
696 1770
391 1768
188 1766
529 1764
385 1762
1401 1760
842 1758
438 1756
695 1754
1649 1752
1341 1750
802 1748
514 1746
249 1744
1667 1742
164 1740
1135 1738
267 1736
829 1734
1560 1732
832 1730
556 1728
1676 1726
1703 1724
1548 1722
573 1720
1653 1718
1137 1716
447 1714
744 1712
1266 1710
1704 1708
41 1706
1686 1704
1472 1702
430 1700
428 1698
196 1696
16 1694
875 1692
1603 1690
1635 1688
258 1686
63 1684
608 1682
913 1680
552 1678
897 1676
1381 1674
1404 1672
1543 1670
224 1668
470 1666
1080 1664
63 1662
590 1660
1076 1658
1181 1656
272 1654
1426 1652
1511 1650
842 1648
859 1646
594 1644
1425 1642
1111 1640
708 1638
1318 1636
96 1634
1141 1632
1586 1630
1074 1628
732 1626
642 1624
1620 1622
883 1620
1302 1618
368 1616
717 1614
693 1612
449 1610
606 1608
1177 1606
659 1604
1307 1602
1170 1600
958 1598
602 1596
419 1594
594 1592
247 1590
1261 1588
1283 1586
645 1584
170 1582
241 1580
223 1578
287 1576
1200 1574
741 1572
265 1570
739 1568
153 1566
200 1564
97 1562
1285 1560
981 1558
658 1556
938 1554
310 1552
420 1550
72 1548
600 1546
1483 1544
346 1542
82 1540
206 1538
957 1536
844 1534
736 1532
592 1530
1269 1528
1493 1526
1252 1524
144 1522
1006 1520
1083 1518
1176 1516
332 1514
252 1512
943 1510
484 1508
1014 1506
599 1504
777 1502
110 1500
298 1498
359 1496
184 1494
1157 1492
141 1490
570 1488
1121 1486
199 1484
227 1482
553 1480
163 1478
1148 1476
1368 1474
1012 1472
798 1470
1452 1468
240 1466
337 1464
1055 1462
1049 1460
1020 1458
544 1456
586 1454
305 1452
891 1450
632 1448
244 1446
974 1444
1232 1442
1319 1440
871 1438
1431 1436
896 1434
1292 1432
1386 1430
224 1428
332 1426
1341 1424
60 1422
510 1420
745 1418
446 1416
1119 1414
580 1412
358 1410
1321 1408
882 1406
445 1404
1187 1402
1301 1400
265 1398
409 1396
935 1394
1155 1392
703 1390
118 1388
581 1386
1083 1384
813 1382
220 1380
749 1378
360 1376
1268 1374
1014 1372
748 1370
901 1368
290 1366
148 1364
1099 1362
1051 1360
433 1358
835 1356
706 1354
887 1352
325 1350
456 1348
42 1346
946 1344
582 1342
1178 1340
927 1338
1085 1336
1210 1334
908 1332
142 1330
194 1328
1046 1326
666 1324
769 1322
956 1320
957 1318
1051 1316
415 1314
1065 1312
794 1310
1000 1308
977 1306
218 1304
299 1302
359 1300
159 1298
427 1296
164 1294
993 1292
154 1290
52 1288
111 1286
578 1284
1042 1282
875 1280
196 1278
1047 1276
450 1274
304 1272
326 1270
538 1268
399 1266
170 1264
897 1262
140 1260
514 1258
302 1256
609 1254
819 1252
503 1250
1135 1248
821 1246
373 1244
1090 1242
582 1240
1085 1238
284 1236
546 1234
225 1232
315 1230
589 1228
807 1226
1115 1224
804 1222
381 1220
999 1218
960 1216
1024 1214
91 1212
1122 1210
617 1208
355 1206
945 1204
939 1202
1043 1200
418 1198
579 1196
796 1194
773 1192
606 1190
458 1188
127 1186
1022 1184
909 1182
1171 1180
18 1178
991 1176
437 1174
396 1172
1031 1170
1065 1168
1079 1166
1129 1164
823 1162
288 1160
632 1158
105 1156
508 1154
991 1152
295 1150
649 1148
969 1146
343 1144
462 1142
295 1140
1010 1138
612 1136
274 1134
1067 1132
381 1130
208 1128
343 1126
100 1124
239 1122
114 1120
341 1118
528 1116
108 1114
89 1112
341 1110
13 1108
734 1106
730 1104
90 1102
3 1100
522 1098
700 1096
536 1094
774 1092
272 1090
1014 1088
598 1086
380 1084
741 1082
920 1080
643 1078
120 1076
866 1074
408 1072
507 1070
123 1068
52 1066
990 1064
846 1062
767 1060
280 1058
209 1056
581 1054
1019 1052
423 1050
888 1048
68 1046
214 1044
378 1042
1037 1040
972 1038
263 1036
230 1034
1006 1032
973 1030
753 1028
31 1026
814 1024
865 1022
393 1020
811 1018
907 1016
478 1014
127 1012
268 1010
872 1008
720 1006
32 1004
300 1002
935 1000
969 998
755 996
916 994
59 992
735 990
112 988
879 986
484 984
582 982
607 980
917 978
536 976
772 974
277 972
885 970
568 968
631 966
937 964
689 962
246 960
649 958
134 956
470 954
392 952
666 950
324 948
186 946
892 944
70 942
543 940
533 938
853 936
413 934
8 932
247 930
766 928
761 926
503 924
449 922
247 920
515 918
299 916
813 914
275 912
840 910
169 908
167 906
297 904
304 902
548 900
466 898
36 896
298 894
163 892
568 890
255 888
88 886
264 884
663 882
588 880
416 878
448 876
544 874
857 872
433 870
758 868
34 866
486 864
815 862
217 860
153 858
204 856
691 854
587 852
828 850
480 848
746 846
721 844
281 842
799 840
649 838
174 836
565 834
531 832
417 830
128 828
60 826
816 824
527 822
83 820
278 818
270 816
708 814
537 812
152 810
552 808
489 806
776 804
136 802
73 800
174 798
726 796
53 794
582 792
525 790
352 788
303 786
310 784
514 782
270 780
392 778
307 776
765 774
137 772
639 770
479 768
357 766
741 764
85 762
209 760
736 758
494 756
149 754
22 752
620 750
294 748
408 746
357 744
503 742
27 740
536 738
633 736
184 734
616 732
85 730
34 728
385 726
350 724
643 722
187 720
141 718
453 716
204 714
610 712
305 710
539 708
545 706
315 704
285 702
295 700
373 698
102 696
143 694
369 692
269 690
266 688
429 686
469 684
107 682
252 680
56 678
301 676
415 674
306 672
543 670
36 668
242 666
288 664
555 662
366 660
280 658
607 656
10 654
60 652
505 650
109 648
539 646
584 644
30 642
284 640
564 638
518 636
140 634
247 632
388 630
58 628
357 626
453 624
472 622
443 620
48 618
469 616
583 614
300 612
547 610
153 608
461 606
7 604
470 602
463 600
261 598
578 596
518 594
126 592
90 590
493 588
508 586
395 584
466 582
231 580
352 578
336 576
188 574
207 572
178 570
416 568
225 566
403 564
445 562
184 560
223 558
517 556
534 554
488 552
26 550
369 548
21 546
485 544
185 542
290 540
429 538
61 536
366 534
45 532
415 530
59 528
334 526
7 524
261 522
27 520
348 518
441 516
264 514
375 512
246 510
381 508
165 506
393 504
59 502
263 500
161 498
173 496
307 494
362 492
212 490
330 488
7 486
288 484
199 482
325 480
402 478
41 476
327 474
162 472
308 470
73 468
121 466
342 464
250 462
284 460
431 458
324 456
405 454
33 452
24 450
211 448
279 446
202 444
142 442
61 440
374 438
212 436
10 434
68 432
164 430
341 428
371 426
331 424
397 422
351 420
84 418
306 416
301 414
285 412
142 410
199 408
265 406
311 404
177 402
239 400
176 398
378 396
99 394
333 392
210 390
164 388
208 386
166 384
307 382
57 380
73 378
44 376
250 374
25 372
224 370
146 368
95 366
226 364
330 362
119 360
186 358
332 356
105 354
335 352
72 350
63 348
184 346
24 344
224 342
184 340
299 338
280 336
310 334
285 332
275 330
305 328
12 326
260 324
180 322
234 320
213 318
204 316
98 314
72 312
77 310
79 308
72 306
92 304
124 302
271 300
255 298
45 296
252 294
48 292
250 290
22 288
18 286
4 284
93 282
240 280
264 278
166 276
196 274
244 272
232 270
78 268
72 266
27 264
120 262
214 260
126 258
232 256
30 254
49 252
192 250
60 248
201 246
195 244
220 242
161 240
2 238
29 236
141 234
115 232
121 230
18 228
35 226
117 224
54 222
93 220
211 218
167 216
126 214
149 212
4 210
1 208
147 206
10 204
123 202
181 200
108 198
77 196
94 194
98 192
103 190
53 188
53 186
92 184
142 182
89 180
28 178
61 176
53 174
54 172
120 170
71 168
18 166
97 164
117 162
23 160
4 158
97 156
126 154
37 152
110 150
135 148
145 146
31 144
45 142
106 140
13 138
5 136
112 134
130 132
98 130
80 128
12 126
19 124
73 122
53 120
19 118
13 116
101 114
41 112
25 110
21 108
46 106
49 104
62 102
14 100
3 98
81 96
47 94
42 92
79 90
34 88
9 86
53 84
63 82
48 80
7 78
41 76
64 74
37 72
57 70
7 68
63 66
44 64
14 62
49 60
4 58
48 56
22 54
4 52
43 50
24 48
24 46
30 44
14 42
25 40
12 38
4 36
1 34
20 32
28 30
14 28
0 26
15 24
17 22
16 20
4 18
0 16
10 14
9 12
9 10
3 8
2 6
1 4
0 2
