57 200
71 198
96 196
4 194
109 192
188 190
33 188
70 186
77 184
95 182
46 180
135 178
16 176
68 174
155 172
70 170
121 168
154 166
23 164
142 162
136 160
13 158
41 156
35 154
36 152
99 150
96 148
66 146
5 144
99 142
108 140
69 138
81 136
75 134
110 132
99 130
124 128
115 126
98 124
115 122
22 120
36 118
26 116
2 114
28 112
78 110
26 108
75 106
45 104
54 102
16 100
54 98
80 96
31 94
24 92
5 90
86 88
61 86
2 84
13 82
65 80
77 78
22 76
22 74
50 72
30 70
63 68
62 66
49 64
15 62
10 60
13 58
33 56
25 54
8 52
25 50
15 48
20 46
26 44
15 42
2 40
29 38
3 36
23 34
24 32
18 30
1 28
20 26
2 24
5 22
12 20
9 18
13 16
7 14
11 12
3 10
5 8
0 6
2 4
1 2
