0 2
2 4
1 6
4 8
5 10
10 12
2 14
9 16
0 18
6 20
0 22
8 24
6 26
16 28
7 30
15 32
7 34
16 36
7 38
19 40
24 42
3 44
40 46
16 48
26 50
50 52
39 54
17 56
30 58
3 60
13 62
23 64
0 66
62 68
48 70
60 72
60 74
25 76
29 78
46 80
66 82
7 84
39 86
80 88
85 90
77 92
56 94
66 96
27 98
87 100
92 102
70 104
68 106
13 108
100 110
20 112
90 114
114 116
102 118
77 120
38 122
12 124
44 126
22 128
14 130
9 132
125 134
12 136
87 138
39 140
34 142
112 144
120 146
58 148
92 150
45 152
124 154
94 156
91 158
140 160
4 162
133 164
114 166
78 168
101 170
67 172
65 174
93 176
6 178
8 180
107 182
4 184
32 186
153 188
23 190
95 192
106 194
93 196
20 198
26 200
145 202
20 204
55 206
10 208
78 210
68 212
175 214
150 216
122 218
168 220
87 222
47 224
87 226
137 228
192 230
2 232
218 234
65 236
1 238
233 240
61 242
65 244
38 246
86 248
73 250
36 252
239 254
247 256
34 258
175 260
70 262
13 264
160 266
62 268
234 270
144 272
265 274
150 276
262 278
135 280
90 282
113 284
272 286
133 288
99 290
0 292
119 294
167 296
55 298
76 300
247 302
98 304
278 306
55 308
259 310
105 312
59 314
3 316
45 318
52 320
135 322
121 324
316 326
303 328
123 330
234 332
107 334
313 336
27 338
328 340
330 342
124 344
161 346
209 348
245 350
282 352
236 354
157 356
332 358
109 360
16 362
209 364
155 366
280 368
354 370
184 372
212 374
270 376
223 378
356 380
288 382
36 384
80 386
302 388
123 390
301 392
171 394
120 396
326 398
167 400
393 402
59 404
143 406
405 408
280 410
366 412
302 414
382 416
25 418
28 420
411 422
332 424
131 426
259 428
170 430
219 432
77 434
53 436
142 438
141 440
17 442
359 444
90 446
388 448
173 450
363 452
168 454
408 456
209 458
54 460
23 462
438 464
24 466
418 468
202 470
405 472
349 474
337 476
37 478
270 480
191 482
155 484
246 486
403 488
284 490
434 492
119 494
111 496
258 498
453 500
251 502
3 504
374 506
431 508
126 510
25 512
146 514
376 516
426 518
238 520
72 522
254 524
452 526
102 528
116 530
5 532
417 534
212 536
444 538
414 540
150 542
229 544
527 546
403 548
176 550
52 552
179 554
489 556
373 558
411 560
147 562
490 564
64 566
345 568
238 570
194 572
376 574
497 576
158 578
443 580
463 582
144 584
222 586
117 588
93 590
106 592
469 594
497 596
578 598
72 600
115 602
522 604
535 606
590 608
527 610
458 612
501 614
174 616
60 618
304 620
310 622
233 624
69 626
571 628
161 630
561 632
193 634
521 636
177 638
194 640
335 642
109 644
534 646
137 648
29 650
386 652
120 654
608 656
288 658
570 660
210 662
5 664
181 666
639 668
540 670
620 672
438 674
25 676
445 678
316 680
673 682
565 684
225 686
587 688
528 690
486 692
304 694
612 696
566 698
112 700
39 702
621 704
627 706
330 708
261 710
665 712
248 714
433 716
115 718
456 720
274 722
579 724
359 726
72 728
382 730
48 732
551 734
640 736
412 738
681 740
441 742
348 744
528 746
214 748
330 750
148 752
677 754
285 756
329 758
309 760
464 762
497 764
408 766
11 768
504 770
160 772
596 774
761 776
721 778
307 780
17 782
456 784
578 786
515 788
1 790
239 792
58 794
755 796
317 798
121 800
680 802
707 804
196 806
76 808
793 810
583 812
250 814
466 816
400 818
240 820
250 822
603 824
808 826
104 828
262 830
72 832
217 834
557 836
342 838
694 840
694 842
825 844
521 846
38 848
44 850
95 852
211 854
604 856
560 858
850 860
786 862
91 864
714 866
61 868
740 870
122 872
504 874
138 876
54 878
772 880
212 882
443 884
377 886
372 888
821 890
13 892
296 894
822 896
121 898
6 900
413 902
743 904
869 906
751 908
92 910
606 912
9 914
739 916
42 918
425 920
67 922
16 924
150 926
159 928
549 930
38 932
76 934
504 936
88 938
827 940
16 942
557 944
258 946
80 948
688 950
707 952
716 954
422 956
297 958
128 960
107 962
15 964
195 966
498 968
801 970
211 972
98 974
277 976
60 978
671 980
692 982
974 984
297 986
164 988
30 990
436 992
55 994
220 996
820 998
833 1000
