13331 16000
4621 15998
2712 15996
12497 15994
2697 15992
13787 15990
12713 15988
2419 15986
1406 15984
6984 15982
12805 15980
8099 15978
1720 15976
1739 15974
7727 15972
10256 15970
8291 15968
13212 15966
10997 15964
5033 15962
11493 15960
5276 15958
9222 15956
8759 15954
9004 15952
13686 15950
1146 15948
8324 15946
13317 15944
11920 15942
12182 15940
7757 15938
14113 15936
4884 15934
3357 15932
11925 15930
1000 15928
7308 15926
15693 15924
6070 15922
385 15920
13978 15918
2603 15916
15637 15914
4975 15912
8539 15910
8123 15908
320 15906
3074 15904
2356 15902
14868 15900
14168 15898
641 15896
362 15894
2894 15892
12782 15890
10414 15888
12533 15886
11721 15884
5242 15882
2765 15880
13588 15878
15729 15876
7493 15874
1764 15872
13260 15870
9625 15868
15559 15866
9561 15864
13333 15862
13924 15860
4210 15858
7398 15856
14303 15854
12752 15852
14603 15850
13693 15848
2966 15846
2307 15844
5552 15842
3824 15840
2578 15838
15221 15836
14576 15834
4225 15832
961 15830
10809 15828
15067 15826
15425 15824
5005 15822
9357 15820
7959 15818
4370 15816
10587 15814
11302 15812
12750 15810
8540 15808
5714 15806
4296 15804
8279 15802
15506 15800
737 15798
2026 15796
3468 15794
13786 15792
7131 15790
8087 15788
1967 15786
8529 15784
3245 15782
5600 15780
11244 15778
8434 15776
14193 15774
8341 15772
15291 15770
14149 15768
14428 15766
1581 15764
12840 15762
9393 15760
2643 15758
655 15756
5452 15754
7590 15752
160 15750
8090 15748
7738 15746
12477 15744
11371 15742
12900 15740
2400 15738
5213 15736
5097 15734
1500 15732
1354 15730
7042 15728
1484 15726
10411 15724
527 15722
2180 15720
6834 15718
3605 15716
2943 15714
7280 15712
4148 15710
6812 15708
15684 15706
12334 15704
7868 15702
3532 15700
2642 15698
12270 15696
11372 15694
1859 15692
8517 15690
4236 15688
8593 15686
13432 15684
5929 15682
3568 15680
10045 15678
15551 15676
12123 15674
8171 15672
6884 15670
1523 15668
4349 15666
10040 15664
4136 15662
15248 15660
5870 15658
15562 15656
8074 15654
4513 15652
4281 15650
14588 15648
12694 15646
4245 15644
6841 15642
2030 15640
14797 15638
10360 15636
10398 15634
15428 15632
15048 15630
3119 15628
4528 15626
2294 15624
14668 15622
4035 15620
15087 15618
852 15616
8942 15614
5801 15612
4456 15610
7156 15608
14176 15606
9078 15604
2327 15602
9753 15600
13662 15598
10508 15596
10401 15594
13138 15592
10537 15590
10359 15588
8086 15586
1949 15584
13274 15582
7339 15580
13676 15578
7374 15576
5741 15574
3318 15572
11276 15570
10026 15568
6895 15566
14599 15564
14818 15562
12701 15560
6358 15558
7527 15556
449 15554
13867 15552
10215 15550
7065 15548
5426 15546
10111 15544
15541 15542
3907 15540
3323 15538
9685 15536
11108 15534
6776 15532
12993 15530
3683 15528
1385 15526
5920 15524
5167 15522
10876 15520
8838 15518
7924 15516
4473 15514
2507 15512
15347 15510
2849 15508
14190 15506
504 15504
15278 15502
15340 15500
13187 15498
12201 15496
7077 15494
13619 15492
849 15490
1419 15488
8854 15486
1503 15484
10849 15482
2071 15480
12681 15478
14867 15476
14436 15474
429 15472
8952 15470
14649 15468
3461 15466
104 15464
793 15462
12409 15460
7262 15458
2482 15456
8865 15454
9574 15452
13894 15450
12863 15448
4977 15446
7173 15444
8815 15442
4102 15440
2881 15438
1763 15436
1204 15434
9141 15432
10712 15430
8974 15428
4190 15426
12496 15424
7999 15422
969 15420
9988 15418
1338 15416
3733 15414
0 15412
4436 15410
4972 15408
8270 15406
14570 15404
296 15402
5317 15400
5446 15398
15367 15396
13650 15394
2519 15392
2257 15390
4950 15388
1015 15386
3887 15384
1129 15382
8427 15380
11047 15378
1316 15376
9006 15374
12976 15372
276 15370
6970 15368
12424 15366
15033 15364
5906 15362
8805 15360
8829 15358
12589 15356
11137 15354
9290 15352
10557 15350
5710 15348
3501 15346
6842 15344
3354 15342
12791 15340
9537 15338
14633 15336
1869 15334
5673 15332
2400 15330
11666 15328
9199 15326
11091 15324
1144 15322
3959 15320
3610 15318
14890 15316
9499 15314
14707 15312
14213 15310
7954 15308
5143 15306
3306 15304
3808 15302
6908 15300
1328 15298
15077 15296
12813 15294
3632 15292
3037 15290
9526 15288
873 15286
7158 15284
10244 15282
14289 15280
3685 15278
10293 15276
3120 15274
3076 15272
7173 15270
10287 15268
8212 15266
2291 15264
224 15262
12254 15260
7743 15258
6392 15256
630 15254
6367 15252
8584 15250
5303 15248
3968 15246
1353 15244
2729 15242
1435 15240
2066 15238
14913 15236
916 15234
3752 15232
3913 15230
12433 15228
318 15226
12044 15224
8341 15222
2362 15220
11943 15218
1704 15216
6466 15214
8548 15212
10011 15210
2298 15208
3053 15206
11986 15204
13186 15202
12272 15200
13297 15198
13242 15196
2559 15194
6578 15192
2577 15190
10352 15188
12602 15186
5591 15184
6404 15182
11157 15180
5378 15178
9393 15176
6009 15174
160 15172
9149 15170
8450 15168
7503 15166
3359 15164
10115 15162
1088 15160
6755 15158
2577 15156
11156 15154
3099 15152
5251 15150
12422 15148
4187 15146
10396 15144
726 15142
752 15140
3753 15138
870 15136
13228 15134
8481 15132
922 15130
8508 15128
14786 15126
481 15124
1876 15122
570 15120
4952 15118
13312 15116
7289 15114
12676 15112
14751 15110
11337 15108
12964 15106
2142 15104
6309 15102
4198 15100
8324 15098
14130 15096
209 15094
3611 15092
13079 15090
140 15088
485 15086
6384 15084
6100 15082
12101 15080
11931 15078
6777 15076
3006 15074
6455 15072
8621 15070
2688 15068
7084 15066
7343 15064
6097 15062
5892 15060
6880 15058
1941 15056
645 15054
3799 15052
9939 15050
11003 15048
2480 15046
14670 15044
13298 15042
7300 15040
908 15038
10054 15036
2683 15034
12421 15032
2981 15030
4055 15028
14405 15026
12195 15024
13279 15022
10810 15020
1279 15018
15008 15016
4007 15014
9092 15012
5987 15010
14046 15008
10976 15006
1267 15004
5328 15002
10772 15000
14656 14998
14182 14996
12841 14994
2936 14992
8901 14990
5026 14988
12454 14986
12045 14984
14517 14982
3478 14980
9430 14978
5410 14976
3128 14974
2338 14972
3168 14970
338 14968
14557 14966
4803 14964
13060 14962
2393 14960
3692 14958
14608 14956
7748 14954
6427 14952
10977 14950
8222 14948
10426 14946
3560 14944
12542 14942
5663 14940
13851 14938
8832 14936
3871 14934
14041 14932
12039 14930
3569 14928
5140 14926
11880 14924
3259 14922
1124 14920
1740 14918
25 14916
12739 14914
6312 14912
3565 14910
1176 14908
5996 14906
182 14904
4786 14902
2660 14900
12579 14898
12273 14896
8351 14894
8424 14892
5806 14890
1601 14888
12252 14886
10011 14884
13728 14882
2711 14880
4261 14878
9726 14876
1842 14874
13654 14872
7951 14870
4064 14868
4950 14866
14614 14864
10284 14862
9142 14860
5765 14858
8599 14856
10440 14854
5758 14852
8064 14850
3094 14848
8046 14846
7631 14844
14220 14842
12814 14840
5295 14838
247 14836
2837 14834
11000 14832
3483 14830
13448 14828
14120 14826
14353 14824
1990 14822
2785 14820
823 14818
14242 14816
4202 14814
6737 14812
4465 14810
12488 14808
2723 14806
14697 14804
2769 14802
9262 14800
5783 14798
7970 14796
4775 14794
4273 14792
14756 14790
12863 14788
12952 14786
11983 14784
5441 14782
5805 14780
1013 14778
11149 14776
10469 14774
10563 14772
2144 14770
6432 14768
311 14766
5954 14764
4633 14762
1230 14760
2352 14758
7460 14756
1529 14754
12347 14752
8583 14750
13923 14748
1962 14746
9175 14744
8923 14742
1536 14740
13775 14738
10522 14736
5607 14734
12049 14732
2798 14730
4633 14728
9386 14726
6403 14724
8592 14722
9734 14720
703 14718
14292 14716
4015 14714
9409 14712
3569 14710
10672 14708
1266 14706
7787 14704
14370 14702
5727 14700
121 14698
6778 14696
6797 14694
1922 14692
1021 14690
1325 14688
10925 14686
2393 14684
5637 14682
12308 14680
11525 14678
2022 14676
5237 14674
1697 14672
8139 14670
2897 14668
11143 14666
8057 14664
11626 14662
7741 14660
8116 14658
9041 14656
3814 14654
8240 14652
2436 14650
8680 14648
4145 14646
978 14644
9992 14642
4371 14640
6042 14638
1967 14636
11420 14634
13035 14632
9040 14630
7142 14628
2950 14626
7465 14624
2761 14622
14444 14620
8216 14618
13447 14616
878 14614
7162 14612
8101 14610
14513 14608
614 14606
7145 14604
9251 14602
1250 14600
10064 14598
5713 14596
14315 14594
5258 14592
5403 14590
1717 14588
9949 14586
14070 14584
12888 14582
8225 14580
5000 14578
11676 14576
11930 14574
1001 14572
959 14570
3698 14568
366 14566
7915 14564
4970 14562
2160 14560
5234 14558
14489 14556
1753 14554
2912 14552
5871 14550
5552 14548
2006 14546
7762 14544
126 14542
13961 14540
11509 14538
4119 14536
7972 14534
5356 14532
1686 14530
3553 14528
3954 14526
10048 14524
10226 14522
8491 14520
5878 14518
11301 14516
1479 14514
11092 14512
10259 14510
12213 14508
745 14506
5401 14504
2045 14502
1876 14500
14087 14498
2570 14496
4274 14494
7278 14492
12774 14490
11363 14488
1593 14486
5374 14484
8483 14482
1051 14480
14068 14478
11728 14476
2788 14474
10871 14472
11826 14470
6253 14468
1939 14466
9071 14464
12218 14462
10187 14460
2254 14458
741 14456
209 14454
11479 14452
7135 14450
11991 14448
6862 14446
3306 14444
5449 14442
11656 14440
11601 14438
6609 14436
7130 14434
687 14432
3792 14430
3717 14428
10687 14426
11729 14424
9707 14422
4055 14420
10915 14418
2508 14416
8855 14414
7539 14412
11763 14410
10052 14408
407 14406
453 14404
14079 14402
3637 14400
13993 14398
12622 14396
2055 14394
4519 14392
1760 14390
14371 14388
7091 14386
2428 14384
7463 14382
8773 14380
6349 14378
10230 14376
1067 14374
4499 14372
2135 14370
14358 14368
8319 14366
10906 14364
7461 14362
6770 14360
6647 14358
13286 14356
5874 14354
9256 14352
3673 14350
13889 14348
7298 14346
1063 14344
5138 14342
11558 14340
6004 14338
11467 14336
11523 14334
8304 14332
8762 14330
12550 14328
7091 14326
5283 14324
4560 14322
2671 14320
1783 14318
12606 14316
7240 14314
2154 14312
13601 14310
12832 14308
7368 14306
11428 14304
9050 14302
12574 14300
10212 14298
8227 14296
11484 14294
3166 14292
8217 14290
9008 14288
8991 14286
4826 14284
7451 14282
1035 14280
3466 14278
7369 14276
4404 14274
3195 14272
364 14270
1420 14268
13546 14266
10701 14264
4645 14262
1223 14260
1669 14258
13985 14256
2490 14254
10949 14252
9157 14250
3505 14248
4021 14246
3819 14244
8782 14242
10288 14240
1295 14238
3571 14236
11892 14234
14060 14232
10184 14230
12542 14228
8084 14226
2507 14224
5298 14222
10395 14220
11404 14218
13297 14216
10161 14214
14030 14212
4683 14210
12981 14208
44 14206
1947 14204
3004 14202
1584 14200
10090 14198
177 14196
10613 14194
11443 14192
1724 14190
4056 14188
8673 14186
4718 14184
11735 14182
10298 14180
2731 14178
4550 14176
3161 14174
54 14172
11857 14170
12949 14168
12617 14166
321 14164
13300 14162
3862 14160
437 14158
3431 14156
12574 14154
1218 14152
5074 14150
3325 14148
1124 14146
7758 14144
7753 14142
8575 14140
5251 14138
5639 14136
6278 14134
6065 14132
2500 14130
2302 14128
771 14126
491 14124
2909 14122
2553 14120
8775 14118
10760 14116
8186 14114
5027 14112
3128 14110
2110 14108
5921 14106
6963 14104
13611 14102
9622 14100
9985 14098
12040 14096
3641 14094
2172 14092
13045 14090
6123 14088
7997 14086
1649 14084
8395 14082
8327 14080
13260 14078
13273 14076
10166 14074
3101 14072
861 14070
8502 14068
3017 14066
13371 14064
2465 14062
9115 14060
6267 14058
4614 14056
11827 14054
353 14052
10001 14050
4104 14048
2305 14046
6728 14044
8385 14042
806 14040
3103 14038
13039 14036
13689 14034
848 14032
13670 14030
13754 14028
429 14026
6214 14024
2109 14022
11215 14020
13543 14018
6125 14016
636 14014
12245 14012
13855 14010
12134 14008
1493 14006
4794 14004
1925 14002
586 14000
10434 13998
3491 13996
1154 13994
13990 13992
3927 13990
2900 13988
834 13986
671 13984
8552 13982
6373 13980
8542 13978
12047 13976
11923 13974
13640 13972
11692 13970
2684 13968
7166 13966
3290 13964
7857 13962
2681 13960
9180 13958
11588 13956
11016 13954
4407 13952
7749 13950
6656 13948
10140 13946
8780 13944
1784 13942
2681 13940
9589 13938
11684 13936
2577 13934
763 13932
13579 13930
8093 13928
4611 13926
165 13924
7706 13922
8548 13920
9081 13918
13030 13916
8627 13914
8652 13912
4312 13910
11953 13908
8498 13906
1747 13904
13073 13902
10265 13900
3095 13898
13305 13896
3079 13894
2197 13892
456 13890
8611 13888
5356 13886
6553 13884
6412 13882
3906 13880
7595 13878
11674 13876
5519 13874
4078 13872
7084 13870
2945 13868
4119 13866
3922 13864
6713 13862
3636 13860
3926 13858
9244 13856
5389 13854
4306 13852
347 13850
7766 13848
5338 13846
8684 13844
12235 13842
12575 13840
5476 13838
5549 13836
10935 13834
3922 13832
10263 13830
1274 13828
8905 13826
3429 13824
11135 13822
3255 13820
2912 13818
953 13816
8490 13814
12861 13812
5795 13810
10391 13808
3485 13806
5695 13804
4372 13802
4166 13800
8251 13798
2006 13796
12271 13794
9821 13792
4633 13790
4800 13788
5326 13786
10439 13784
3385 13782
7461 13780
7603 13778
3724 13776
8713 13774
12259 13772
479 13770
4652 13768
13152 13766
12147 13764
6809 13762
12099 13760
10729 13758
10803 13756
5003 13754
12261 13752
6208 13750
3444 13748
3366 13746
3085 13744
3104 13742
5745 13740
5695 13738
2302 13736
1924 13734
8008 13732
2211 13730
3409 13728
8951 13726
9462 13724
11181 13722
1557 13720
2229 13718
5073 13716
9325 13714
2633 13712
3563 13710
8381 13708
1292 13706
9491 13704
4197 13702
11170 13700
6954 13698
1970 13696
3397 13694
11795 13692
4736 13690
7959 13688
2339 13686
6724 13684
12573 13682
2291 13680
12110 13678
9373 13676
1049 13674
9807 13672
6915 13670
13440 13668
10857 13666
7375 13664
6601 13662
10638 13660
6430 13658
7560 13656
12486 13654
7464 13652
4131 13650
7865 13648
8060 13646
5526 13644
4149 13642
2080 13640
4471 13638
4167 13636
12236 13634
9179 13632
11052 13630
12973 13628
10056 13626
8631 13624
3140 13622
5598 13620
10918 13618
1927 13616
7484 13614
12686 13612
4200 13610
1218 13608
9486 13606
449 13604
13077 13602
11354 13600
5725 13598
5202 13596
12734 13594
12093 13592
10160 13590
9084 13588
8815 13586
7692 13584
9359 13582
9774 13580
7534 13578
5769 13576
13163 13574
5217 13572
10669 13570
12882 13568
2234 13566
12059 13564
6736 13562
7695 13560
10018 13558
7828 13556
473 13554
6649 13552
7796 13550
10167 13548
8833 13546
12956 13544
802 13542
4958 13540
2274 13538
6682 13536
6176 13534
10984 13532
10397 13530
1720 13528
6350 13526
12131 13524
11204 13522
252 13520
9810 13518
10314 13516
4137 13514
4709 13512
6688 13510
12487 13508
6672 13506
5681 13504
6688 13502
3819 13500
12665 13498
9393 13496
4788 13494
9113 13492
7217 13490
13470 13488
3033 13486
12307 13484
5726 13482
2243 13480
5568 13478
6530 13476
1768 13474
6805 13472
8234 13470
6484 13468
4295 13466
5788 13464
10147 13462
70 13460
13126 13458
3109 13456
11878 13454
8846 13452
2459 13450
3521 13448
12733 13446
809 13444
7263 13442
4259 13440
5862 13438
7113 13436
6284 13434
8153 13432
4358 13430
8146 13428
1066 13426
12612 13424
6894 13422
3214 13420
6721 13418
9358 13416
11866 13414
6227 13412
5495 13410
167 13408
2152 13406
8863 13404
6395 13402
7831 13400
1044 13398
10180 13396
5764 13394
4244 13392
7616 13390
7593 13388
521 13386
5722 13384
1658 13382
11822 13380
12842 13378
5774 13376
2049 13374
10662 13372
10137 13370
1121 13368
8629 13366
8763 13364
8663 13362
6698 13360
2911 13358
10490 13356
7453 13354
159 13352
2037 13350
11722 13348
1637 13346
10569 13344
5031 13342
1652 13340
656 13338
8758 13336
4459 13334
1539 13332
6329 13330
3443 13328
775 13326
8511 13324
11713 13322
5001 13320
5412 13318
11860 13316
4736 13314
10369 13312
5473 13310
394 13308
1924 13306
3841 13304
6529 13302
4498 13300
12639 13298
4593 13296
9138 13294
11140 13292
5622 13290
11189 13288
3137 13286
384 13284
5649 13282
4490 13280
5321 13278
2559 13276
184 13274
11205 13272
2707 13270
9991 13268
7454 13266
2496 13264
6452 13262
5092 13260
12689 13258
3450 13256
8718 13254
123 13252
7496 13250
6635 13248
10612 13246
8830 13244
7749 13242
5517 13240
11047 13238
12021 13236
4366 13234
4075 13232
9285 13230
9147 13228
3005 13226
6745 13224
12060 13222
1770 13220
9082 13218
1637 13216
9643 13214
9928 13212
8216 13210
9399 13208
9749 13206
2089 13204
6862 13202
1481 13200
2665 13198
12042 13196
2661 13194
7084 13192
10224 13190
8448 13188
4086 13186
7329 13184
223 13182
3304 13180
8002 13178
3002 13176
8422 13174
4845 13172
12732 13170
8160 13168
11262 13166
8997 13164
5966 13162
12687 13160
368 13158
3118 13156
705 13154
12255 13152
10434 13150
7749 13148
8717 13146
10118 13144
2514 13142
6414 13140
3428 13138
1182 13136
12813 13134
12709 13132
9463 13130
5205 13128
6423 13126
12451 13124
10663 13122
8008 13120
2598 13118
7880 13116
2674 13114
5627 13112
10048 13110
8415 13108
11576 13106
1817 13104
11021 13102
5035 13100
4031 13098
4020 13096
7095 13094
12943 13092
10097 13090
5332 13088
5008 13086
12598 13084
11591 13082
10539 13080
8933 13078
11842 13076
7521 13074
212 13072
12140 13070
4014 13068
5981 13066
4026 13064
11586 13062
3275 13060
8290 13058
2132 13056
1634 13054
8464 13052
2836 13050
1501 13048
11167 13046
4819 13044
2151 13042
7274 13040
6828 13038
12018 13036
1159 13034
2911 13032
9202 13030
6488 13028
9399 13026
12541 13024
12079 13022
1584 13020
10906 13018
10148 13016
7279 13014
5836 13012
9976 13010
2412 13008
12688 13006
6718 13004
10040 13002
5495 13000
7831 12998
10954 12996
1483 12994
10005 12992
10946 12990
4634 12988
4273 12986
11432 12984
4515 12982
4060 12980
6165 12978
5032 12976
706 12974
6988 12972
11809 12970
2954 12968
1022 12966
6641 12964
7761 12962
4022 12960
8126 12958
1890 12956
526 12954
7349 12952
5160 12950
3864 12948
4210 12946
1266 12944
8068 12942
9922 12940
4310 12938
9266 12936
4392 12934
975 12932
5072 12930
11621 12928
2141 12926
12317 12924
880 12922
3294 12920
6647 12918
1138 12916
10153 12914
12598 12912
3146 12910
4602 12908
7076 12906
5529 12904
5981 12902
60 12900
2704 12898
11244 12896
11860 12894
6085 12892
6710 12890
2145 12888
3549 12886
11792 12884
4854 12882
8048 12880
11774 12878
4293 12876
3996 12874
4054 12872
2148 12870
5412 12868
9847 12866
5510 12864
12296 12862
7190 12860
10463 12858
12016 12856
11714 12854
12761 12852
6990 12850
4798 12848
7495 12846
10822 12844
3497 12842
5457 12840
8033 12838
7771 12836
3383 12834
119 12832
2509 12830
2893 12828
12117 12826
5305 12824
8317 12822
7895 12820
8955 12818
5024 12816
5266 12814
9434 12812
3838 12810
4202 12808
2395 12806
11490 12804
7307 12802
294 12800
2371 12798
4144 12796
12226 12794
4535 12792
6073 12790
6561 12788
2840 12786
12203 12784
1857 12782
11085 12780
6439 12778
2365 12776
8785 12774
4404 12772
6599 12770
1887 12768
6047 12766
731 12764
10347 12762
7616 12760
2729 12758
10455 12756
165 12754
8413 12752
10332 12750
1959 12748
10371 12746
9107 12744
10633 12742
5687 12740
5045 12738
1924 12736
3984 12734
12220 12732
11545 12730
8252 12728
12556 12726
426 12724
5572 12722
1434 12720
4733 12718
1496 12716
8343 12714
2702 12712
8535 12710
5146 12708
7134 12706
10951 12704
9912 12702
7067 12700
3731 12698
7946 12696
914 12694
8359 12692
9917 12690
3704 12688
9150 12686
10300 12684
5774 12682
196 12680
7536 12678
2257 12676
1630 12674
1329 12672
12126 12670
9538 12668
6578 12666
10405 12664
1911 12662
12299 12660
2421 12658
5212 12656
11510 12654
3381 12652
8774 12650
5578 12648
7477 12646
4053 12644
1696 12642
10501 12640
1061 12638
2563 12636
5005 12634
7653 12632
5117 12630
3761 12628
1640 12626
12333 12624
10364 12622
5276 12620
1461 12618
1042 12616
10416 12614
12083 12612
5659 12610
7111 12608
250 12606
6263 12604
2126 12602
11680 12600
9062 12598
3385 12596
2657 12594
8959 12592
11027 12590
9294 12588
10711 12586
5716 12584
9899 12582
10100 12580
8508 12578
4798 12576
1359 12574
10320 12572
12194 12570
5879 12568
6138 12566
9790 12564
8906 12562
10562 12560
8521 12558
10317 12556
8569 12554
150 12552
7457 12550
9549 12548
8150 12546
9886 12544
11026 12542
12059 12540
5851 12538
7036 12536
8746 12534
3620 12532
9116 12530
4105 12528
787 12526
1002 12524
909 12522
8911 12520
9606 12518
10315 12516
1220 12514
10303 12512
12483 12510
8330 12508
467 12506
3019 12504
11347 12502
1876 12500
9543 12498
822 12496
3470 12494
8321 12492
5675 12490
1689 12488
7540 12486
5110 12484
10633 12482
11737 12480
7782 12478
1857 12476
2873 12474
8179 12472
7430 12470
3547 12468
10367 12466
5478 12464
2008 12462
6106 12460
5435 12458
10532 12456
6824 12454
6364 12452
4131 12450
9232 12448
10585 12446
7471 12444
11585 12442
10765 12440
9192 12438
9726 12436
10883 12434
4571 12432
10260 12430
638 12428
8297 12426
6442 12424
9873 12422
10219 12420
3989 12418
5428 12416
3207 12414
5536 12412
4170 12410
2569 12408
5041 12406
327 12404
11632 12402
10699 12400
7296 12398
8407 12396
11317 12394
5789 12392
12337 12390
4502 12388
3528 12386
3558 12384
10859 12382
7761 12380
8988 12378
1689 12376
1651 12374
4985 12372
11592 12370
425 12368
3755 12366
4718 12364
12141 12362
582 12360
12217 12358
4722 12356
264 12354
10789 12352
5350 12350
12309 12348
1389 12346
5747 12344
5829 12342
4711 12340
6318 12338
8130 12336
5359 12334
10954 12332
4713 12330
114 12328
3499 12326
10189 12324
11977 12322
3481 12320
11750 12318
10917 12316
11391 12314
5718 12312
4020 12310
3439 12308
3705 12306
2593 12304
3790 12302
9112 12300
732 12298
7605 12296
4453 12294
5355 12292
5439 12290
10936 12288
11863 12286
9312 12284
7096 12282
7017 12280
10542 12278
4048 12276
9868 12274
9245 12272
798 12270
11997 12268
6739 12266
4444 12264
2434 12262
3366 12260
5935 12258
8478 12256
4572 12254
9782 12252
4639 12250
11925 12248
5755 12246
4947 12244
1180 12242
9670 12240
787 12238
5936 12236
9527 12234
2153 12232
8594 12230
7314 12228
1132 12226
10160 12224
11219 12222
7783 12220
9120 12218
1730 12216
6172 12214
5343 12212
1519 12210
5045 12208
7718 12206
4993 12204
7324 12202
8628 12200
6872 12198
2710 12196
8888 12194
8070 12192
4221 12190
4435 12188
11585 12186
3337 12184
3323 12182
2178 12180
8470 12178
8244 12176
4599 12174
6430 12172
6077 12170
11427 12168
10552 12166
6714 12164
2522 12162
6742 12160
9594 12158
2837 12156
6402 12154
3241 12152
9177 12150
9627 12148
907 12146
6917 12144
9527 12142
7744 12140
5136 12138
20 12136
9653 12134
9339 12132
6543 12130
7950 12128
6897 12126
3675 12124
4114 12122
662 12120
7122 12118
8618 12116
5204 12114
3949 12112
7911 12110
5850 12108
3623 12106
3350 12104
1620 12102
10584 12100
8942 12098
11820 12096
5900 12094
2073 12092
6193 12090
4627 12088
6771 12086
2473 12084
4793 12082
5372 12080
11599 12078
9947 12076
10343 12074
663 12072
10559 12070
2189 12068
5639 12066
5221 12064
954 12062
802 12060
7118 12058
10986 12056
7980 12054
5736 12052
3937 12050
3342 12048
11332 12046
7157 12044
10998 12042
688 12040
6266 12038
10175 12036
3294 12034
1529 12032
10379 12030
493 12028
10749 12026
10898 12024
2635 12022
5608 12020
3234 12018
11581 12016
5400 12014
10155 12012
9162 12010
11392 12008
5851 12006
9883 12004
7488 12002
6903 12000
1430 11998
9669 11996
2316 11994
10546 11992
1098 11990
2573 11988
620 11986
5860 11984
5115 11982
6782 11980
2503 11978
4960 11976
5247 11974
2713 11972
10603 11970
620 11968
10030 11966
4546 11964
1977 11962
9036 11960
10649 11958
812 11956
7571 11954
2691 11952
10660 11950
8963 11948
4381 11946
4984 11944
7150 11942
3903 11940
9918 11938
11445 11936
4876 11934
1232 11932
4596 11930
7086 11928
8715 11926
7642 11924
9978 11922
6291 11920
5940 11918
1211 11916
4874 11914
4870 11912
10950 11910
2016 11908
5292 11906
7014 11904
7151 11902
8017 11900
1455 11898
3958 11896
6339 11894
7885 11892
3414 11890
7659 11888
1632 11886
1870 11884
517 11882
2224 11880
7389 11878
1154 11876
6899 11874
1026 11872
8889 11870
9616 11868
6773 11866
11185 11864
4740 11862
4266 11860
11425 11858
7913 11856
4056 11854
2286 11852
6382 11850
5385 11848
479 11846
373 11844
6145 11842
8309 11840
8325 11838
4650 11836
9333 11834
3665 11832
3132 11830
580 11828
11185 11826
1640 11824
7823 11822
200 11820
3773 11818
1449 11816
9208 11814
8477 11812
10463 11810
7402 11808
7076 11806
11003 11804
6262 11802
3929 11800
1102 11798
11232 11796
2310 11794
10405 11792
1419 11790
7124 11788
11361 11786
5642 11784
1819 11782
11544 11780
9769 11778
6585 11776
6752 11774
1703 11772
5887 11770
10523 11768
1799 11766
2107 11764
3932 11762
2063 11760
9605 11758
7585 11756
11366 11754
11431 11752
143 11750
9600 11748
5886 11746
6133 11744
6573 11742
1207 11740
3351 11738
7268 11736
1645 11734
9662 11732
3872 11730
6271 11728
8781 11726
4250 11724
3068 11722
1923 11720
286 11718
9402 11716
5937 11714
2956 11712
871 11710
6303 11708
1003 11706
7979 11704
554 11702
3137 11700
5343 11698
6464 11696
9399 11694
10891 11692
4451 11690
9882 11688
7384 11686
3627 11684
622 11682
3534 11680
6913 11678
9158 11676
4776 11674
10591 11672
1987 11670
7863 11668
2932 11666
3347 11664
2463 11662
4502 11660
1623 11658
9443 11656
4730 11654
4890 11652
2107 11650
186 11648
6579 11646
10647 11644
2254 11642
5944 11640
1931 11638
11352 11636
8391 11634
11379 11632
7937 11630
4826 11628
2720 11626
1610 11624
6870 11622
6205 11620
8193 11618
3279 11616
2932 11614
8592 11612
11067 11610
9197 11608
8495 11606
11414 11604
11436 11602
9344 11600
9001 11598
7183 11596
2555 11594
10969 11592
7252 11590
10399 11588
8036 11586
10396 11584
2934 11582
6152 11580
4241 11578
10652 11576
9503 11574
2440 11572
8093 11570
2150 11568
838 11566
2668 11564
4917 11562
9389 11560
2071 11558
7391 11556
9216 11554
4496 11552
10794 11550
2150 11548
2210 11546
6915 11544
1662 11542
2394 11540
9551 11538
4478 11536
11501 11534
3176 11532
8190 11530
2916 11528
2027 11526
6185 11524
5727 11522
9624 11520
6949 11518
3527 11516
3555 11514
4803 11512
8847 11510
8809 11508
399 11506
4921 11504
10133 11502
1713 11500
5770 11498
7054 11496
7209 11494
2594 11492
6037 11490
9195 11488
6419 11486
7416 11484
3470 11482
4863 11480
3383 11478
10045 11476
7327 11474
1304 11472
11245 11470
6397 11468
5716 11466
8027 11464
1396 11462
6562 11460
7022 11458
6325 11456
11408 11454
311 11452
4210 11450
8244 11448
6992 11446
11304 11444
9121 11442
10070 11440
8592 11438
5465 11436
7793 11434
2628 11432
4359 11430
6966 11428
9503 11426
8470 11424
3760 11422
9522 11420
7460 11418
3727 11416
11292 11414
4480 11412
1875 11410
8475 11408
8486 11406
3385 11404
5215 11402
7141 11400
6101 11398
8126 11396
11205 11394
6476 11392
6441 11390
9954 11388
10577 11386
757 11384
4418 11382
5821 11380
4870 11378
7305 11376
7448 11374
10782 11372
10286 11370
2270 11368
11252 11366
9241 11364
384 11362
6014 11360
6735 11358
7696 11356
4823 11354
3433 11352
5785 11350
789 11348
103 11346
11340 11344
2722 11342
9404 11340
3705 11338
5487 11336
11085 11334
7810 11332
7304 11330
1199 11328
2820 11326
7407 11324
9996 11322
3332 11320
4736 11318
3539 11316
9460 11314
1109 11312
10126 11310
8180 11308
8550 11306
5572 11304
4057 11302
6566 11300
5244 11298
4936 11296
9616 11294
7324 11292
1697 11290
3022 11288
6395 11286
501 11284
11128 11282
419 11280
8243 11278
4022 11276
5466 11274
1100 11272
1078 11270
9348 11268
4601 11266
1129 11264
7192 11262
5012 11260
4151 11258
7213 11256
8739 11254
8725 11252
7949 11250
4900 11248
9658 11246
2914 11244
3258 11242
5704 11240
11011 11238
6923 11236
7226 11234
3135 11232
1540 11230
1945 11228
4859 11226
3419 11224
331 11222
782 11220
2913 11218
2478 11216
11034 11214
2524 11212
836 11210
7247 11208
10046 11206
3681 11204
2535 11202
10174 11200
11139 11198
8522 11196
2737 11194
10759 11192
1464 11190
5981 11188
8585 11186
7066 11184
10305 11182
3309 11180
980 11178
4099 11176
9097 11174
5501 11172
3286 11170
3346 11168
5501 11166
7330 11164
1788 11162
457 11160
9767 11158
10191 11156
8390 11154
3338 11152
1858 11150
8325 11148
2264 11146
1167 11144
7930 11142
1073 11140
2900 11138
11090 11136
11118 11134
592 11132
10861 11130
3313 11128
1779 11126
3224 11124
5990 11122
1522 11120
7117 11118
760 11116
2009 11114
10012 11112
3912 11110
8201 11108
905 11106
4134 11104
6293 11102
6514 11100
6169 11098
3553 11096
6994 11094
6800 11092
2848 11090
3013 11088
6418 11086
9750 11084
1313 11082
10013 11080
7393 11078
416 11076
7420 11074
410 11072
6378 11070
3585 11068
950 11066
1657 11064
8313 11062
2134 11060
7861 11058
7594 11056
959 11054
6950 11052
8053 11050
7546 11048
2515 11046
4748 11044
4993 11042
11024 11040
6375 11038
7149 11036
7519 11034
7211 11032
2768 11030
2522 11028
5004 11026
498 11024
4042 11022
10211 11020
1900 11018
4434 11016
5686 11014
2834 11012
11007 11010
7550 11008
4174 11006
1988 11004
5425 11002
6817 11000
9930 10998
7129 10996
9742 10994
4771 10992
4217 10990
9897 10988
9399 10986
6079 10984
3250 10982
6398 10980
10296 10978
9865 10976
1509 10974
940 10972
564 10970
598 10968
1649 10966
10422 10964
1399 10962
8262 10960
9246 10958
3434 10956
1844 10954
1734 10952
636 10950
1515 10948
7783 10946
4364 10944
7234 10942
1017 10940
4030 10938
4685 10936
1142 10934
5181 10932
7493 10930
892 10928
2027 10926
3590 10924
1597 10922
257 10920
5150 10918
3759 10916
10666 10914
9211 10912
6119 10910
2050 10908
7752 10906
5737 10904
2345 10902
8073 10900
7051 10898
3294 10896
9055 10894
3687 10892
5930 10890
2922 10888
1317 10886
9763 10884
8088 10882
2438 10880
6375 10878
8601 10876
6270 10874
8622 10872
4533 10870
1995 10868
1863 10866
3507 10864
4521 10862
9997 10860
5184 10858
10471 10856
4938 10854
1976 10852
9350 10850
8797 10848
5484 10846
4050 10844
2726 10842
679 10840
4028 10838
7014 10836
785 10834
4974 10832
8901 10830
248 10828
5438 10826
3262 10824
8840 10822
6083 10820
5292 10818
1119 10816
2070 10814
398 10812
6298 10810
3037 10808
5525 10806
8397 10804
3963 10802
3038 10800
10705 10798
3381 10796
3599 10794
7535 10792
4036 10790
6006 10788
8993 10786
9415 10784
2073 10782
3966 10780
2184 10778
1551 10776
3601 10774
3845 10772
3309 10770
7800 10768
2498 10766
9703 10764
274 10762
7817 10760
6992 10758
3382 10756
2045 10754
5202 10752
6443 10750
6901 10748
3444 10746
7968 10744
6330 10742
7352 10740
7248 10738
5414 10736
10659 10734
6168 10732
3681 10730
2805 10728
819 10726
3241 10724
10344 10722
565 10720
2623 10718
8371 10716
6532 10714
9534 10712
4396 10710
918 10708
4542 10706
8606 10704
3335 10702
2203 10700
3178 10698
1652 10696
3286 10694
663 10692
2456 10690
9078 10688
8501 10686
10090 10684
8363 10682
1085 10680
2528 10678
10008 10676
7022 10674
8369 10672
7954 10670
10569 10668
9637 10666
253 10664
1908 10662
9965 10660
915 10658
405 10656
2531 10654
7333 10652
298 10650
1312 10648
7645 10646
4250 10644
6567 10642
1588 10640
3242 10638
4348 10636
789 10634
6367 10632
6564 10630
3916 10628
8594 10626
972 10624
3064 10622
3598 10620
7643 10618
7678 10616
7562 10614
4736 10612
5377 10610
7942 10608
3537 10606
10452 10604
1218 10602
639 10600
9682 10598
1238 10596
1975 10594
2187 10592
6067 10590
6745 10588
6573 10586
2502 10584
6322 10582
9542 10580
5114 10578
1630 10576
7519 10574
7939 10572
1743 10570
6058 10568
10299 10566
9649 10564
6334 10562
9435 10560
3440 10558
7795 10556
4558 10554
112 10552
4419 10550
2751 10548
4812 10546
864 10544
5580 10542
7931 10540
3890 10538
5066 10536
9953 10534
8768 10532
5632 10530
2674 10528
3271 10526
2219 10524
8381 10522
3659 10520
8211 10518
7553 10516
3472 10514
4561 10512
8526 10510
9883 10508
252 10506
6156 10504
4981 10502
2999 10500
2492 10498
9734 10496
6795 10494
5910 10492
6336 10490
2343 10488
4825 10486
6128 10484
10001 10482
7361 10480
1775 10478
102 10476
2635 10474
3146 10472
7471 10470
730 10468
4026 10466
7346 10464
4771 10462
5388 10460
6337 10458
2909 10456
10367 10454
4796 10452
10387 10450
9662 10448
9449 10446
4870 10444
8338 10442
3210 10440
6130 10438
3671 10436
4355 10434
4682 10432
6629 10430
8686 10428
4691 10426
7456 10424
3223 10422
8580 10420
6919 10418
9652 10416
5493 10414
7272 10412
2964 10410
276 10408
934 10406
6677 10404
6960 10402
7462 10400
3861 10398
2013 10396
2091 10394
8368 10392
4019 10390
3864 10388
2004 10386
7364 10384
6565 10382
3844 10380
2541 10378
7346 10376
3515 10374
8661 10372
7589 10370
9446 10368
3167 10366
7106 10364
634 10362
8369 10360
5848 10358
8752 10356
6800 10354
8904 10352
1933 10350
8852 10348
2363 10346
6897 10344
6014 10342
8847 10340
7827 10338
8372 10336
6598 10334
6658 10332
1709 10330
3220 10328
2993 10326
4303 10324
10231 10322
4599 10320
6658 10318
5318 10316
9851 10314
6096 10312
9757 10310
7532 10308
1446 10306
8038 10304
7197 10302
8204 10300
5542 10298
1104 10296
1735 10294
101 10292
8260 10290
533 10288
2632 10286
8492 10284
3463 10282
3962 10280
5060 10278
2603 10276
8034 10274
4947 10272
434 10270
6474 10268
2704 10266
869 10264
408 10262
9906 10260
9790 10258
10169 10256
859 10254
9048 10252
9376 10250
2484 10248
121 10246
3332 10244
5614 10242
6908 10240
94 10238
897 10236
443 10234
6542 10232
1896 10230
2248 10228
644 10226
1663 10224
2001 10222
5321 10220
3629 10218
1309 10216
9499 10214
2701 10212
687 10210
841 10208
8766 10206
7109 10204
1388 10202
5243 10200
5273 10198
3479 10196
8657 10194
5057 10192
5093 10190
9979 10188
3840 10186
1023 10184
2203 10182
7117 10180
5882 10178
2823 10176
231 10174
3474 10172
4954 10170
754 10168
3047 10166
8767 10164
6073 10162
4704 10160
3612 10158
8131 10156
4452 10154
8890 10152
829 10150
1105 10148
3234 10146
4949 10144
7 10142
7205 10140
3142 10138
4577 10136
165 10134
1067 10132
3286 10130
3419 10128
3176 10126
8569 10124
961 10122
5798 10120
2630 10118
1104 10116
1550 10114
3708 10112
9869 10110
9409 10108
801 10106
2480 10104
533 10102
2308 10100
2547 10098
7691 10096
6028 10094
54 10092
1864 10090
9334 10088
8399 10086
3418 10084
8275 10082
8430 10080
3566 10078
7161 10076
3593 10074
3003 10072
7249 10070
6877 10068
6431 10066
2297 10064
6479 10062
7234 10060
1045 10058
936 10056
1089 10054
5654 10052
9079 10050
6257 10048
7718 10046
8425 10044
7362 10042
237 10040
1005 10038
6155 10036
9666 10034
2872 10032
3590 10030
2492 10028
2845 10026
8761 10024
1254 10022
7575 10020
1278 10018
7678 10016
8608 10014
7216 10012
4966 10010
9722 10008
7840 10006
6035 10004
8392 10002
8841 10000
7644 9998
8642 9996
9542 9994
2736 9992
2480 9990
1003 9988
9852 9986
6907 9984
260 9982
4083 9980
3828 9978
4440 9976
1562 9974
3295 9972
5509 9970
3224 9968
4029 9966
1643 9964
224 9962
2325 9960
6573 9958
7224 9956
3498 9954
4481 9952
6341 9950
9585 9948
8683 9946
8979 9944
6668 9942
5313 9940
6080 9938
2633 9936
8443 9934
8294 9932
1070 9930
1647 9928
3781 9926
7780 9924
9743 9922
6303 9920
270 9918
7405 9916
7505 9914
2496 9912
2956 9910
3488 9908
9688 9906
4542 9904
320 9902
4067 9900
6866 9898
3085 9896
4087 9894
3191 9892
4155 9890
9721 9888
1335 9886
9807 9884
1176 9882
6314 9880
5184 9878
590 9876
3492 9874
7305 9872
4743 9870
8526 9868
6311 9866
8457 9864
1311 9862
1618 9860
3779 9858
5571 9856
4555 9854
8995 9852
2788 9850
7481 9848
8432 9846
4337 9844
1846 9842
221 9840
2523 9838
1496 9836
7750 9834
5890 9832
2571 9830
5116 9828
9274 9826
8093 9824
2827 9822
7547 9820
4231 9818
6318 9816
2288 9814
452 9812
2447 9810
4510 9808
8519 9806
9311 9804
147 9802
7404 9800
1518 9798
8821 9796
3191 9794
518 9792
2925 9790
8062 9788
3979 9786
5470 9784
3140 9782
5391 9780
3664 9778
8888 9776
6579 9774
1092 9772
6338 9770
4436 9768
2317 9766
8425 9764
342 9762
2515 9760
3485 9758
1322 9756
6909 9754
4459 9752
6740 9750
9384 9748
9641 9746
6824 9744
5666 9742
2452 9740
1707 9738
7035 9736
3687 9734
4430 9732
2928 9730
8445 9728
3003 9726
5815 9724
6051 9722
7514 9720
6443 9718
7938 9716
4502 9714
3005 9712
2703 9710
2192 9708
4749 9706
8538 9704
8960 9702
7413 9700
6669 9698
3877 9696
6449 9694
1708 9692
2024 9690
6939 9688
6012 9686
7105 9684
6705 9682
85 9680
6794 9678
7800 9676
5303 9674
834 9672
4309 9670
7560 9668
7405 9666
9195 9664
9041 9662
1010 9660
8474 9658
9337 9656
9185 9654
1237 9652
7755 9650
6165 9648
743 9646
9010 9644
5770 9642
7773 9640
1430 9638
1875 9636
7440 9634
3242 9632
576 9630
2718 9628
7547 9626
8858 9624
2225 9622
179 9620
2677 9618
7705 9616
1562 9614
3457 9612
7826 9610
5883 9608
3701 9606
3589 9604
8654 9602
3866 9600
4805 9598
3386 9596
9235 9594
2282 9592
7505 9590
7665 9588
3209 9586
3936 9584
3961 9582
4151 9580
398 9578
8298 9576
2304 9574
7405 9572
7283 9570
1087 9568
7729 9566
3705 9564
1958 9562
1237 9560
3063 9558
6464 9556
3964 9554
5377 9552
8410 9550
2406 9548
278 9546
6640 9544
2154 9542
7505 9540
119 9538
7323 9536
2401 9534
870 9532
1747 9530
8116 9528
4254 9526
7768 9524
3370 9522
6359 9520
6540 9518
8782 9516
8535 9514
2531 9512
4375 9510
822 9508
2437 9506
5678 9504
5708 9502
1321 9500
771 9498
8802 9496
1499 9494
8279 9492
4509 9490
6724 9488
5373 9486
948 9484
914 9482
4974 9480
3126 9478
8871 9476
5585 9474
2689 9472
234 9470
9413 9468
2880 9466
3687 9464
9026 9462
333 9460
7356 9458
1417 9456
5324 9454
8550 9452
7837 9450
6180 9448
2469 9446
22 9444
4751 9442
5369 9440
5880 9438
61 9436
3702 9434
4397 9432
3321 9430
3929 9428
6769 9426
7779 9424
2035 9422
1695 9420
4402 9418
5550 9416
3321 9414
5682 9412
2425 9410
4001 9408
2758 9406
5765 9404
1367 9402
983 9400
7522 9398
1728 9396
8840 9394
5260 9392
5087 9390
2113 9388
2359 9386
5652 9384
5841 9382
2523 9380
5287 9378
8726 9376
8800 9374
6548 9372
8838 9370
7123 9368
7990 9366
912 9364
1973 9362
1227 9360
2410 9358
678 9356
2263 9354
5734 9352
456 9350
3174 9348
2968 9346
3890 9344
8263 9342
3787 9340
915 9338
6931 9336
5248 9334
8095 9332
2975 9330
914 9328
1232 9326
5858 9324
3874 9322
6727 9320
8842 9318
4101 9316
530 9314
3282 9312
1375 9310
3092 9308
8541 9306
1844 9304
8407 9302
3113 9300
6536 9298
5992 9296
3908 9294
9055 9292
8227 9290
1999 9288
360 9286
5665 9284
492 9282
8558 9280
1285 9278
7551 9276
6912 9274
568 9272
280 9270
2977 9268
8042 9266
5272 9264
6677 9262
1643 9260
8394 9258
2682 9256
202 9254
403 9252
7768 9250
3722 9248
2693 9246
2485 9244
827 9242
8797 9240
4852 9238
3054 9236
6648 9234
1726 9232
7801 9230
6080 9228
2713 9226
5714 9224
5928 9222
3755 9220
8010 9218
3269 9216
7710 9214
8401 9212
8337 9210
8123 9208
2090 9206
233 9204
7753 9202
5869 9200
4707 9198
4896 9196
2893 9194
5833 9192
2608 9190
8650 9188
7872 9186
469 9184
4738 9182
1227 9180
2587 9178
1414 9176
6698 9174
8050 9172
6310 9170
8613 9168
6454 9166
8827 9164
6315 9162
8843 9160
3307 9158
6922 9156
6804 9154
3010 9152
6040 9150
56 9148
173 9146
5042 9144
6595 9142
7611 9140
2465 9138
1286 9136
6387 9134
5432 9132
4669 9130
835 9128
1034 9126
4923 9124
7798 9122
323 9120
247 9118
1532 9116
6430 9114
6873 9112
3899 9110
7099 9108
8134 9106
6473 9104
6572 9102
3691 9100
5523 9098
6358 9096
8466 9094
5296 9092
5328 9090
3563 9088
6918 9086
2647 9084
5942 9082
3004 9080
5642 9078
8231 9076
7288 9074
2892 9072
3685 9070
6687 9068
2034 9066
8765 9064
8828 9062
1047 9060
6911 9058
5864 9056
2290 9054
6305 9052
4319 9050
4258 9048
2603 9046
6357 9044
676 9042
828 9040
7385 9038
4571 9036
2057 9034
2021 9032
6742 9030
3504 9028
390 9026
8332 9024
5356 9022
1300 9020
1255 9018
5459 9016
81 9014
1777 9012
7591 9010
3556 9008
8399 9006
8758 9004
275 9002
2208 9000
6546 8998
5959 8996
5444 8994
6637 8992
8211 8990
1806 8988
429 8986
8367 8984
8525 8982
3693 8980
7088 8978
3846 8976
42 8974
2356 8972
189 8970
1133 8968
6089 8966
7201 8964
49 8962
8797 8960
4470 8958
1499 8956
470 8954
8239 8952
6637 8950
5027 8948
8230 8946
8263 8944
8502 8942
5242 8940
6799 8938
1314 8936
7857 8934
3230 8932
2706 8930
1810 8928
4303 8926
6867 8924
6777 8922
608 8920
78 8918
5751 8916
5735 8914
4727 8912
5301 8910
277 8908
3587 8906
7660 8904
5727 8902
7375 8900
5927 8898
8045 8896
7489 8894
6393 8892
1254 8890
6115 8888
3791 8886
447 8884
6804 8882
3813 8880
5209 8878
3612 8876
7634 8874
3902 8872
4095 8870
6348 8868
8535 8866
8700 8864
2169 8862
2919 8860
6563 8858
5525 8856
2269 8854
500 8852
2520 8850
2701 8848
3845 8846
2750 8844
7175 8842
2107 8840
281 8838
2219 8836
3580 8834
6845 8832
873 8830
5826 8828
2813 8826
7114 8824
2281 8822
3232 8820
3190 8818
3662 8816
3914 8814
4070 8812
7285 8810
5785 8808
7687 8806
467 8804
7536 8802
1137 8800
813 8798
5824 8796
8541 8794
2885 8792
484 8790
3408 8788
1038 8786
5640 8784
8447 8782
6292 8780
8561 8778
3737 8776
4220 8774
3896 8772
3463 8770
8717 8768
4055 8766
3031 8764
4224 8762
6480 8760
5675 8758
62 8756
4764 8754
8515 8752
6351 8750
3527 8748
2845 8746
2274 8744
7438 8742
6219 8740
3808 8738
6852 8736
926 8734
724 8732
2429 8730
3467 8728
6666 8726
8575 8724
3980 8722
1568 8720
2309 8718
831 8716
7536 8714
8622 8712
4882 8710
3707 8708
136 8706
1749 8704
5350 8702
4075 8700
2065 8698
6593 8696
1282 8694
5425 8692
5879 8690
4531 8688
6398 8686
4157 8684
5141 8682
6553 8680
2549 8678
5341 8676
5319 8674
5409 8672
2726 8670
7416 8668
430 8666
4073 8664
2391 8662
3340 8660
1301 8658
395 8656
2856 8654
6908 8652
4585 8650
463 8648
6121 8646
2347 8644
1762 8642
7655 8640
3091 8638
134 8636
2435 8634
1321 8632
203 8630
1914 8628
1203 8626
1923 8624
2599 8622
8481 8620
7576 8618
3169 8616
4165 8614
637 8612
1244 8610
3522 8608
2704 8606
7912 8604
2347 8602
1768 8600
1295 8598
239 8596
1169 8594
4526 8592
4857 8590
531 8588
2746 8586
7589 8584
3811 8582
5670 8580
1598 8578
2117 8576
6420 8574
3181 8572
8469 8570
2905 8568
4663 8566
6597 8564
6943 8562
7128 8560
291 8558
3199 8556
4909 8554
6464 8552
2694 8550
4034 8548
7036 8546
2982 8544
4836 8542
4833 8540
3260 8538
1746 8536
6227 8534
5355 8532
6618 8530
2206 8528
3130 8526
4213 8524
1638 8522
3887 8520
3948 8518
114 8516
1347 8514
3124 8512
6391 8510
4239 8508
3046 8506
2161 8504
3255 8502
7361 8500
3248 8498
6092 8496
6294 8494
625 8492
4777 8490
7796 8488
6992 8486
4027 8484
7522 8482
6661 8480
5063 8478
967 8476
7400 8474
253 8472
748 8470
3955 8468
3090 8466
2728 8464
5138 8462
2321 8460
6804 8458
175 8456
1313 8454
872 8452
6216 8450
1610 8448
4944 8446
6134 8444
7588 8442
4945 8440
7889 8438
6975 8436
8155 8434
1194 8432
7851 8430
3489 8428
1360 8426
4545 8424
927 8422
1112 8420
9 8418
7532 8416
76 8414
252 8412
3931 8410
7476 8408
6234 8406
7344 8404
1892 8402
4888 8400
4760 8398
1065 8396
3411 8394
7527 8392
5523 8390
4698 8388
153 8386
652 8384
3382 8382
7069 8380
3637 8378
7367 8376
436 8374
5548 8372
5060 8370
6342 8368
1358 8366
7127 8364
1742 8362
311 8360
3330 8358
2024 8356
4952 8354
7126 8352
7610 8350
7999 8348
775 8346
3318 8344
1549 8342
8321 8340
4534 8338
2282 8336
8312 8334
1993 8332
7296 8330
546 8328
4546 8326
8286 8324
1646 8322
1865 8320
8085 8318
5306 8316
6011 8314
7693 8312
6862 8310
817 8308
144 8306
3241 8304
2602 8302
360 8300
3717 8298
7225 8296
6950 8294
1154 8292
1737 8290
4272 8288
210 8286
4538 8284
4230 8282
1273 8280
4774 8278
5186 8276
2056 8274
7677 8272
4455 8270
7015 8268
6226 8266
5736 8264
1286 8262
1484 8260
6970 8258
2524 8256
1451 8254
720 8252
4869 8250
1127 8248
2968 8246
4681 8244
3468 8242
2905 8240
7394 8238
4300 8236
2747 8234
644 8232
7489 8230
3826 8228
7240 8226
3603 8224
6300 8222
4154 8220
4222 8218
2284 8216
1112 8214
6298 8212
6434 8210
5207 8208
5669 8206
4571 8204
8014 8202
899 8200
6040 8198
2724 8196
315 8194
8149 8192
1086 8190
1700 8188
2989 8186
5219 8184
6133 8182
6506 8180
6332 8178
5262 8176
4632 8174
7033 8172
3302 8170
495 8168
7925 8166
4426 8164
3175 8162
7731 8160
2828 8158
5580 8156
7701 8154
182 8152
5710 8150
7508 8148
4265 8146
3467 8144
2591 8142
7057 8140
5629 8138
1404 8136
3744 8134
295 8132
5014 8130
8040 8128
5269 8126
2308 8124
4769 8122
6158 8120
5270 8118
5615 8116
6131 8114
5842 8112
2323 8110
347 8108
3565 8106
1332 8104
3888 8102
1537 8100
410 8098
450 8096
97 8094
1254 8092
5207 8090
4587 8088
4063 8086
6645 8084
6629 8082
1095 8080
6059 8078
2302 8076
6007 8074
699 8072
15 8070
3753 8068
65 8066
4883 8064
703 8062
2299 8060
1973 8058
1145 8056
789 8054
2074 8052
5359 8050
2504 8048
3766 8046
2855 8044
4788 8042
3458 8040
2461 8038
2030 8036
5815 8034
7043 8032
6981 8030
5120 8028
2278 8026
5690 8024
1237 8022
2249 8020
1839 8018
5165 8016
6030 8014
5836 8012
6918 8010
4400 8008
5595 8006
6060 8004
1934 8002
6356 8000
24 7998
908 7996
4051 7994
2227 7992
7607 7990
1854 7988
5983 7986
7567 7984
6096 7982
6993 7980
379 7978
4290 7976
1843 7974
4469 7972
5885 7970
4291 7968
3812 7966
539 7964
2488 7962
7023 7960
4486 7958
2873 7956
5653 7954
5518 7952
6476 7950
7190 7948
7665 7946
5399 7944
730 7942
1059 7940
5190 7938
7593 7936
6782 7934
6324 7932
2145 7930
6781 7928
5560 7926
3574 7924
7672 7922
4494 7920
2448 7918
4097 7916
3485 7914
7212 7912
6831 7910
4495 7908
1210 7906
2078 7904
1185 7902
3190 7900
5650 7898
4255 7896
3261 7894
6576 7892
3862 7890
2120 7888
6984 7886
3004 7884
5879 7882
4301 7880
4751 7878
3942 7876
4197 7874
4428 7872
1859 7870
2694 7868
3578 7866
7425 7864
7251 7862
2145 7860
7420 7858
4036 7856
484 7854
2382 7852
6893 7850
3561 7848
5394 7846
201 7844
7504 7842
5006 7840
3260 7838
2124 7836
3799 7834
4116 7832
287 7830
6355 7828
4892 7826
725 7824
4243 7822
4418 7820
6892 7818
7511 7816
1801 7814
2691 7812
1464 7810
4930 7808
7560 7806
1747 7804
5268 7802
5758 7800
2162 7798
6900 7796
1554 7794
5736 7792
2788 7790
6392 7788
5943 7786
1527 7784
828 7782
6672 7780
5590 7778
3742 7776
3805 7774
7426 7772
2310 7770
505 7768
4544 7766
1056 7764
4941 7762
6628 7760
5635 7758
6060 7756
1732 7754
358 7752
3872 7750
6535 7748
6344 7746
5455 7744
5791 7742
1882 7740
569 7738
1819 7736
1899 7734
2255 7732
5694 7730
2519 7728
7209 7726
101 7724
6639 7722
1017 7720
4553 7718
1313 7716
6886 7714
263 7712
1182 7710
4425 7708
4390 7706
1856 7704
5453 7702
1368 7700
4875 7698
3348 7696
3096 7694
4251 7692
4149 7690
7334 7688
7355 7686
6981 7684
7621 7682
6435 7680
4170 7678
5353 7676
5070 7674
6232 7672
7079 7670
6799 7668
1853 7666
4026 7664
336 7662
5858 7660
4764 7658
1329 7656
3078 7654
4333 7652
1893 7650
7448 7648
4119 7646
5583 7644
280 7642
2775 7640
3204 7638
4047 7636
6387 7634
2693 7632
7003 7630
5857 7628
2615 7626
1796 7624
1246 7622
7037 7620
197 7618
1747 7616
5658 7614
6935 7612
1318 7610
1622 7608
3799 7606
3124 7604
3784 7602
6443 7600
1540 7598
6220 7596
4475 7594
2677 7592
5364 7590
4686 7588
7136 7586
5489 7584
1849 7582
2849 7580
4273 7578
1833 7576
3400 7574
7518 7572
6309 7570
2140 7568
7109 7566
2948 7564
4702 7562
4209 7560
5607 7558
1647 7556
6171 7554
1286 7552
4309 7550
6069 7548
2218 7546
3241 7544
5601 7542
6084 7540
561 7538
2737 7536
5006 7534
4082 7532
3533 7530
999 7528
7006 7526
7036 7524
61 7522
4421 7520
6124 7518
6523 7516
5515 7514
4859 7512
6322 7510
6942 7508
6566 7506
4395 7504
5680 7502
4442 7500
2666 7498
6953 7496
3935 7494
1639 7492
3854 7490
2718 7488
2251 7486
5523 7484
1362 7482
6644 7480
3149 7478
2131 7476
4313 7474
3316 7472
4393 7470
706 7468
6394 7466
1822 7464
3364 7462
6439 7460
3627 7458
2328 7456
2573 7454
5277 7452
6359 7450
2050 7448
3936 7446
1382 7444
2717 7442
3645 7440
5318 7438
2255 7436
1704 7434
5021 7432
4162 7430
2088 7428
6181 7426
2284 7424
941 7422
1895 7420
4983 7418
2643 7416
1165 7414
784 7412
2674 7410
2003 7408
4097 7406
1922 7404
7173 7402
5040 7400
13 7398
7301 7396
3047 7394
2982 7392
1584 7390
4547 7388
6848 7386
5497 7384
2569 7382
2354 7380
5896 7378
5946 7376
2851 7374
1167 7372
2795 7370
4543 7368
6055 7366
7318 7364
366 7362
3907 7360
7000 7358
6227 7356
1618 7354
5176 7352
2793 7350
4534 7348
99 7346
4674 7344
3099 7342
6946 7340
5564 7338
4144 7336
3482 7334
726 7332
2165 7330
5457 7328
827 7326
4641 7324
5068 7322
5290 7320
5051 7318
5811 7316
1362 7314
1944 7312
544 7310
6244 7308
2311 7306
1330 7304
2454 7302
7010 7300
4986 7298
5858 7296
4909 7294
3714 7292
3407 7290
5762 7288
1962 7286
4703 7284
5028 7282
3903 7280
4804 7278
2604 7276
4011 7274
6670 7272
2113 7270
3162 7268
2578 7266
6095 7264
1597 7262
2410 7260
4372 7258
1388 7256
2334 7254
5760 7252
5542 7250
1626 7248
4306 7246
1189 7244
937 7242
5708 7240
3870 7238
1918 7236
2383 7234
1014 7232
6226 7230
5310 7228
2280 7226
6490 7224
5921 7222
3229 7220
2699 7218
7105 7216
4055 7214
3591 7212
3161 7210
5854 7208
604 7206
4697 7204
2811 7202
5552 7200
5389 7198
3281 7196
4439 7194
2926 7192
6810 7190
6718 7188
6891 7186
1725 7184
1614 7182
1743 7180
1939 7178
3312 7176
2767 7174
1578 7172
1752 7170
6111 7168
2582 7166
326 7164
4300 7162
5000 7160
6978 7158
732 7156
4468 7154
3369 7152
3230 7150
1336 7148
2354 7146
837 7144
2922 7142
1819 7140
5145 7138
6227 7136
5862 7134
4305 7132
3914 7130
3972 7128
1621 7126
5087 7124
936 7122
4787 7120
417 7118
1797 7116
2157 7114
1861 7112
2865 7110
4373 7108
5508 7106
1422 7104
2746 7102
3330 7100
7 7098
5911 7096
381 7094
6518 7092
4746 7090
6501 7088
2174 7086
1209 7084
1167 7082
5330 7080
1866 7078
1845 7076
4678 7074
2048 7072
6623 7070
1623 7068
5599 7066
2698 7064
3971 7062
705 7060
6262 7058
4411 7056
1473 7054
1477 7052
1221 7050
4467 7048
997 7046
2994 7044
2075 7042
5064 7040
7003 7038
5728 7036
1718 7034
3377 7032
1254 7030
3472 7028
5952 7026
5132 7024
3627 7022
5486 7020
104 7018
1414 7016
3279 7014
5778 7012
576 7010
1164 7008
6161 7006
3577 7004
5071 7002
4160 7000
4470 6998
2582 6996
3052 6994
3979 6992
2476 6990
3526 6988
777 6986
1591 6984
6923 6982
1239 6980
5399 6978
6269 6976
2713 6974
1780 6972
3220 6970
2305 6968
4660 6966
3350 6964
5986 6962
2260 6960
222 6958
3722 6956
6857 6954
3233 6952
4742 6950
1770 6948
4519 6946
2966 6944
5134 6942
2593 6940
5841 6938
3969 6936
4688 6934
1809 6932
61 6930
6742 6928
1277 6926
4832 6924
5233 6922
934 6920
2570 6918
5178 6916
305 6914
2298 6912
4758 6910
6472 6908
4000 6906
1722 6904
5780 6902
304 6900
1704 6898
2166 6896
1943 6894
2223 6892
656 6890
843 6888
1204 6886
4645 6884
2950 6882
5075 6880
3381 6878
3668 6876
4830 6874
4838 6872
5002 6870
582 6868
4786 6866
606 6864
3906 6862
972 6860
4144 6858
3484 6856
2007 6854
245 6852
2212 6850
4235 6848
299 6846
4078 6844
2962 6842
5834 6840
5122 6838
1879 6836
2637 6834
2086 6832
2207 6830
1292 6828
5228 6826
1484 6824
6085 6822
2888 6820
1996 6818
1896 6816
1694 6814
181 6812
5371 6810
2859 6808
6527 6806
1387 6804
1894 6802
2413 6800
3340 6798
2950 6796
4934 6794
1139 6792
3374 6790
2619 6788
3416 6786
2420 6784
5799 6782
2924 6780
2622 6778
1780 6776
4431 6774
757 6772
681 6770
5677 6768
2223 6766
4110 6764
3888 6762
806 6760
6045 6758
5974 6756
1676 6754
190 6752
1962 6750
4723 6748
2225 6746
5949 6744
5422 6742
3401 6740
6231 6738
655 6736
928 6734
1886 6732
3138 6730
1524 6728
1369 6726
4988 6724
5685 6722
880 6720
6603 6718
4424 6716
5431 6714
6503 6712
3834 6710
6084 6708
1771 6706
1053 6704
4836 6702
1576 6700
2265 6698
222 6696
4743 6694
4592 6692
2288 6690
4435 6688
6055 6686
5717 6684
4200 6682
6599 6680
568 6678
6151 6676
3788 6674
2149 6672
4713 6670
2976 6668
6058 6666
294 6664
5610 6662
1043 6660
6220 6658
4607 6656
2451 6654
6283 6652
4358 6650
7 6648
3412 6646
3183 6644
4745 6642
3459 6640
1213 6638
2216 6636
2718 6634
22 6632
4707 6630
4224 6628
2903 6626
6210 6624
3847 6622
6088 6620
6465 6618
2580 6616
1453 6614
287 6612
3512 6610
5190 6608
5425 6606
1559 6604
3573 6602
1871 6600
3821 6598
2371 6596
4566 6594
4990 6592
1798 6590
764 6588
1052 6586
408 6584
4789 6582
1877 6580
1241 6578
6446 6576
2780 6574
5682 6572
6201 6570
4773 6568
6482 6566
2010 6564
4877 6562
206 6560
2942 6558
3354 6556
1528 6554
2595 6552
5118 6550
1442 6548
4433 6546
5083 6544
1843 6542
5511 6540
2604 6538
6448 6536
4683 6534
3892 6532
3075 6530
3898 6528
4936 6526
6151 6524
1121 6522
2813 6520
5751 6518
5547 6516
618 6514
60 6512
844 6510
2038 6508
6455 6506
4085 6504
1744 6502
1344 6500
3274 6498
4740 6496
6031 6494
1432 6492
5887 6490
5110 6488
3201 6486
3198 6484
4673 6482
5182 6480
4190 6478
3674 6476
140 6474
6393 6472
5069 6470
3548 6468
4933 6466
122 6464
2520 6462
4547 6460
3108 6458
4913 6456
403 6454
4243 6452
6039 6450
3285 6448
1511 6446
3499 6444
3982 6442
5413 6440
758 6438
419 6436
5575 6434
5972 6432
3906 6430
6177 6428
1309 6426
847 6424
2735 6422
2709 6420
4302 6418
763 6416
4245 6414
15 6412
2643 6410
4765 6408
637 6406
3712 6404
6288 6402
1849 6400
230 6398
2069 6396
1758 6394
2909 6392
4491 6390
4575 6388
5036 6386
5418 6384
2736 6382
3068 6380
2257 6378
4651 6376
6013 6374
2448 6372
5468 6370
5040 6368
638 6366
2658 6364
5133 6362
2103 6360
1857 6358
5045 6356
3673 6354
3352 6352
6229 6350
4290 6348
2939 6346
5116 6344
2305 6342
3040 6340
3726 6338
1922 6336
2926 6334
3626 6332
3167 6330
2836 6328
5208 6326
1124 6324
4020 6322
3252 6320
5828 6318
3916 6316
2211 6314
4056 6312
2333 6310
1369 6308
1860 6306
87 6304
2730 6302
1992 6300
4453 6298
3779 6296
3749 6294
4743 6292
5844 6290
2340 6288
4003 6286
2729 6284
3837 6282
1197 6280
5023 6278
5959 6276
2258 6274
1981 6272
5471 6270
4586 6268
3969 6266
1071 6264
5380 6262
5749 6260
2664 6258
1906 6256
1587 6254
3760 6252
1804 6250
5431 6248
4589 6246
2625 6244
1360 6242
4163 6240
673 6238
4970 6236
2541 6234
2318 6232
98 6230
19 6228
336 6226
385 6224
5287 6222
5476 6220
4488 6218
1746 6216
3352 6214
3557 6212
2698 6210
2027 6208
870 6206
3328 6204
2743 6202
4249 6200
3274 6198
6058 6196
3874 6194
3065 6192
494 6190
6000 6188
3798 6186
4964 6184
3356 6182
1482 6180
3868 6178
75 6176
2152 6174
1931 6172
848 6170
1285 6168
3931 6166
2493 6164
5062 6162
2541 6160
3794 6158
1429 6156
926 6154
1103 6152
5552 6150
690 6148
250 6146
4320 6144
3504 6142
2855 6140
2753 6138
6099 6136
1438 6134
5796 6132
895 6130
3041 6128
1225 6126
2378 6124
5216 6122
5121 6120
5147 6118
4884 6116
1184 6114
4725 6112
1409 6110
2807 6108
3970 6106
4516 6104
1658 6102
60 6100
930 6098
899 6096
2602 6094
5920 6092
6028 6090
2595 6088
1987 6086
5145 6084
2957 6082
5468 6080
5527 6078
2495 6076
5674 6074
859 6072
314 6070
4227 6068
3566 6066
1102 6064
2763 6062
4509 6060
5629 6058
3520 6056
5691 6054
4839 6052
4680 6050
5199 6048
1796 6046
1490 6044
241 6042
1314 6040
2859 6038
1798 6036
1717 6034
1120 6032
41 6030
1421 6028
4011 6026
71 6024
3760 6022
5249 6020
5432 6018
4598 6016
444 6014
3649 6012
2175 6010
5226 6008
5986 6006
5041 6004
774 6002
4529 6000
5854 5998
2235 5996
4756 5994
420 5992
636 5990
1666 5988
5656 5986
2744 5984
3389 5982
1010 5980
1913 5978
5350 5976
5137 5974
1438 5972
661 5970
2366 5968
575 5966
3547 5964
4600 5962
335 5960
1869 5958
4635 5956
2265 5954
2756 5952
4467 5950
641 5948
1515 5946
3293 5944
143 5942
2649 5940
1159 5938
5330 5936
1395 5934
1975 5932
1715 5930
4937 5928
2539 5926
3948 5924
5463 5922
2575 5920
4069 5918
3343 5916
2177 5914
5516 5912
2263 5910
5410 5908
4632 5906
4279 5904
490 5902
2483 5900
3483 5898
1691 5896
4872 5894
4727 5892
3515 5890
4055 5888
805 5886
4606 5884
300 5882
2425 5880
1320 5878
2307 5876
5438 5874
301 5872
3668 5870
4007 5868
4294 5866
1806 5864
4285 5862
27 5860
2121 5858
2314 5856
5167 5854
3787 5852
5178 5850
2404 5848
4764 5846
1372 5844
3912 5842
1798 5840
2148 5838
1653 5836
2803 5834
2460 5832
3450 5830
1980 5828
4453 5826
3045 5824
3045 5822
223 5820
5731 5818
582 5816
1153 5814
3777 5812
2452 5810
3684 5808
4629 5806
377 5804
1765 5802
469 5800
1271 5798
184 5796
3224 5794
1479 5792
508 5790
3516 5788
2025 5786
967 5784
408 5782
3190 5780
3960 5778
4044 5776
3975 5774
1839 5772
1161 5770
3539 5768
4588 5766
1896 5764
4138 5762
2590 5760
1797 5758
1312 5756
1829 5754
4903 5752
3657 5750
2552 5748
4013 5746
3006 5744
2278 5742
1134 5740
2570 5738
4479 5736
4298 5734
3114 5732
1376 5730
2498 5728
5478 5726
3790 5724
369 5722
4435 5720
1634 5718
5706 5716
581 5714
2071 5712
3918 5710
1537 5708
3090 5706
4256 5704
2875 5702
4654 5700
4219 5698
2041 5696
2467 5694
1976 5692
900 5690
170 5688
1807 5686
2993 5684
4676 5682
2147 5680
3404 5678
1606 5676
5568 5674
5631 5672
3413 5670
1644 5668
4064 5666
2538 5664
2343 5662
2657 5660
2854 5658
144 5656
941 5654
5365 5652
3476 5650
5067 5648
3413 5646
3191 5644
5217 5642
250 5640
1921 5638
4401 5636
1609 5634
4756 5632
379 5630
1324 5628
4178 5626
3185 5624
1000 5622
185 5620
2479 5618
1364 5616
5591 5614
191 5612
1765 5610
3399 5608
2429 5606
5217 5604
1566 5602
982 5600
4624 5598
1794 5596
823 5594
2537 5592
886 5590
4103 5588
1787 5586
2142 5584
4541 5582
4210 5580
2042 5578
675 5576
4260 5574
3130 5572
4707 5570
509 5568
5244 5566
437 5564
3871 5562
763 5560
1585 5558
3418 5556
1325 5554
2050 5552
89 5550
1771 5548
4407 5546
2418 5544
3117 5542
4714 5540
1510 5538
4286 5536
171 5534
4461 5532
4373 5530
107 5528
4041 5526
4707 5524
446 5522
4006 5520
4260 5518
3670 5516
2075 5514
2471 5512
5150 5510
2232 5508
3206 5506
3794 5504
1689 5502
865 5500
1886 5498
2742 5496
768 5494
179 5492
748 5490
2426 5488
1559 5486
159 5484
3504 5482
3589 5480
2433 5478
4502 5476
2979 5474
585 5472
4728 5470
4680 5468
2399 5466
4860 5464
2339 5462
1113 5460
1561 5458
661 5456
3124 5454
1170 5452
2130 5450
2561 5448
1681 5446
4339 5444
522 5442
4919 5440
3811 5438
1805 5436
2962 5434
4443 5432
704 5430
4171 5428
4832 5426
697 5424
1500 5422
2494 5420
1641 5418
2639 5416
964 5414
3326 5412
5230 5410
34 5408
4620 5406
1850 5404
312 5402
2669 5400
3481 5398
241 5396
4918 5394
2786 5392
1919 5390
3279 5388
4274 5386
1210 5384
2687 5382
4203 5380
629 5378
1175 5376
2465 5374
2979 5372
1748 5370
983 5368
3380 5366
5277 5364
2458 5362
5229 5360
1699 5358
2648 5356
999 5354
2191 5352
3760 5350
1158 5348
1009 5346
878 5344
4754 5342
4731 5340
209 5338
2121 5336
2853 5334
2863 5332
1369 5330
5259 5328
4795 5326
580 5324
2223 5322
1152 5320
4709 5318
4624 5316
1924 5314
2865 5312
1419 5310
1348 5308
3074 5306
4663 5304
1754 5302
1116 5300
4963 5298
3486 5296
2196 5294
719 5292
3472 5290
2689 5288
3438 5286
4435 5284
5225 5282
183 5280
2401 5278
925 5276
4448 5274
691 5272
4616 5270
2800 5268
5159 5266
1103 5264
4124 5262
3049 5260
817 5258
3967 5256
886 5254
2805 5252
2996 5250
1592 5248
3271 5246
782 5244
177 5242
3976 5240
980 5238
2103 5236
2061 5234
2266 5232
2531 5230
29 5228
3625 5226
629 5224
1851 5222
3557 5220
3554 5218
1979 5216
4012 5214
1187 5212
3174 5210
1639 5208
2780 5206
1934 5204
3375 5202
2081 5200
1549 5198
2425 5196
4690 5194
2868 5192
4755 5190
2133 5188
2671 5186
855 5184
2288 5182
3002 5180
511 5178
524 5176
2162 5174
4019 5172
795 5170
3165 5168
1508 5166
4990 5164
3699 5162
3894 5160
2513 5158
3859 5156
186 5154
4381 5152
90 5150
1731 5148
1 5146
1274 5144
272 5142
1908 5140
2341 5138
3115 5136
148 5134
294 5132
3510 5130
1799 5128
2596 5126
2429 5124
291 5122
601 5120
2437 5118
4801 5116
4821 5114
4478 5112
280 5110
2502 5108
1478 5106
3690 5104
5063 5102
183 5100
1354 5098
626 5096
2226 5094
3111 5092
4904 5090
3266 5088
277 5086
185 5084
221 5082
658 5080
2736 5078
3991 5076
2583 5074
3381 5072
3647 5070
1385 5068
3745 5066
1062 5064
3727 5062
1063 5060
96 5058
1029 5056
3569 5054
3517 5052
1753 5050
230 5048
1535 5046
583 5044
908 5042
2523 5040
3934 5038
3737 5036
4191 5034
2356 5032
3267 5030
752 5028
2396 5026
4849 5024
4701 5022
621 5020
4896 5018
3657 5016
4888 5014
1279 5012
446 5010
4321 5008
4462 5006
430 5004
3616 5002
3428 5000
1089 4998
1979 4996
1523 4994
164 4992
1080 4990
354 4988
1931 4986
4192 4984
4108 4982
3680 4980
2965 4978
3584 4976
954 4974
4470 4972
3355 4970
2389 4968
1113 4966
2050 4964
1277 4962
1386 4960
3662 4958
1943 4956
2153 4954
2827 4952
2303 4950
4181 4948
2028 4946
3487 4944
4474 4942
570 4940
3582 4938
1959 4936
3445 4934
2349 4932
4281 4930
912 4928
1265 4926
1295 4924
1007 4922
40 4920
3859 4918
3080 4916
2939 4914
909 4912
1691 4910
3116 4908
1180 4906
4751 4904
2105 4902
1257 4900
2796 4898
1436 4896
4150 4894
985 4892
1847 4890
3997 4888
4815 4886
1378 4884
2466 4882
3751 4880
1389 4878
3509 4876
1053 4874
1244 4872
4737 4870
2035 4868
71 4866
3858 4864
1690 4862
2851 4860
4786 4858
1108 4856
1855 4854
3193 4852
1145 4850
1885 4848
4789 4846
4641 4844
3401 4842
4587 4840
3752 4838
4294 4836
2509 4834
2325 4832
1418 4830
10 4828
3218 4826
531 4824
3511 4822
2148 4820
2988 4818
563 4816
675 4814
2662 4812
3759 4810
1543 4808
1644 4806
190 4804
3844 4802
137 4800
625 4798
2157 4796
2766 4794
1902 4792
2371 4790
2898 4788
2278 4786
1296 4784
1143 4782
260 4780
2794 4778
2010 4776
2210 4774
524 4772
2209 4770
1257 4768
2107 4766
3215 4764
2213 4762
667 4760
701 4758
1079 4756
992 4754
4355 4752
3071 4750
2862 4748
2067 4746
4081 4744
3013 4742
1417 4740
4520 4738
2495 4736
4644 4734
1303 4732
645 4730
3324 4728
3135 4726
3308 4724
2694 4722
3741 4720
4560 4718
4401 4716
3672 4714
2307 4712
2227 4710
3736 4708
3370 4706
3886 4704
1667 4702
632 4700
1000 4698
1642 4696
4238 4694
3862 4692
3926 4690
982 4688
283 4686
1207 4684
2022 4682
2719 4680
1981 4678
3097 4676
3209 4674
2129 4672
1217 4670
2636 4668
4123 4666
710 4664
4098 4662
248 4660
1791 4658
1511 4656
160 4654
2084 4652
1289 4650
2755 4648
2320 4646
963 4644
3113 4642
4035 4640
3360 4638
1576 4636
2104 4634
752 4632
3033 4630
4014 4628
1797 4626
1880 4624
1429 4622
2422 4620
4015 4618
1309 4616
3531 4614
4119 4612
209 4610
3279 4608
2791 4606
1716 4604
2703 4602
1523 4600
4480 4598
3283 4596
1949 4594
3897 4592
2569 4590
3082 4588
4094 4586
795 4584
2954 4582
2273 4580
3580 4578
3944 4576
4358 4574
4030 4572
4460 4570
1969 4568
3039 4566
1486 4564
3172 4562
1341 4560
621 4558
3010 4556
3031 4554
2258 4552
1414 4550
3218 4548
651 4546
2894 4544
2122 4542
3234 4540
496 4538
4494 4536
638 4534
4372 4532
1954 4530
888 4528
2901 4526
294 4524
2665 4522
2075 4520
3635 4518
4237 4516
2069 4514
1858 4512
2492 4510
2784 4508
2676 4506
414 4504
2438 4502
817 4500
3708 4498
350 4496
633 4494
3000 4492
4487 4490
984 4488
3135 4486
1728 4484
1848 4482
552 4480
1046 4478
1425 4476
3172 4474
1136 4472
1183 4470
298 4468
2293 4466
2779 4464
495 4462
84 4460
2769 4458
3874 4456
75 4454
2423 4452
1445 4450
52 4448
3372 4446
3723 4444
1261 4442
1681 4440
680 4438
3360 4436
3355 4434
2459 4432
4062 4430
1908 4428
4332 4426
2352 4424
2239 4422
1757 4420
4318 4418
178 4416
4 4414
1719 4412
2749 4410
1414 4408
370 4406
2099 4404
417 4402
2937 4400
315 4398
3658 4396
1260 4394
681 4392
3032 4390
4333 4388
1787 4386
4272 4384
1651 4382
2073 4380
2189 4378
2705 4376
745 4374
1365 4372
1288 4370
172 4368
2141 4366
2179 4364
1790 4362
1205 4360
3174 4358
3352 4356
1626 4354
448 4352
2218 4350
857 4348
1015 4346
783 4344
2037 4342
3769 4340
1141 4338
695 4336
4041 4334
169 4332
2075 4330
2092 4328
4149 4326
2311 4324
4131 4322
277 4320
478 4318
437 4316
1704 4314
3513 4312
3505 4310
1971 4308
918 4306
2247 4304
1956 4302
286 4300
3157 4298
2229 4296
3086 4294
3067 4292
845 4290
2074 4288
4250 4286
3935 4284
1369 4282
3012 4280
3628 4278
4217 4276
1007 4274
1691 4272
1820 4270
2758 4268
4225 4266
3757 4264
44 4262
3296 4260
1427 4258
1663 4256
3198 4254
2502 4252
1773 4250
2 4248
1062 4246
3055 4244
2421 4242
1253 4240
3521 4238
2629 4236
796 4234
3227 4232
3039 4230
345 4228
899 4226
1756 4224
3532 4222
469 4220
1212 4218
1011 4216
688 4214
2921 4212
2333 4210
2027 4208
2750 4206
746 4204
1083 4202
2057 4200
3178 4198
4015 4196
5 4194
1745 4192
3790 4190
2927 4188
649 4186
3843 4184
311 4182
395 4180
3580 4178
2255 4176
1399 4174
2721 4172
1981 4170
2208 4168
377 4166
564 4164
2207 4162
1714 4160
2891 4158
1096 4156
2446 4154
2135 4152
947 4150
613 4148
1819 4146
2668 4144
2296 4142
2948 4140
2646 4138
3569 4136
2202 4134
3352 4132
2135 4130
3746 4128
2554 4126
3192 4124
2192 4122
3996 4120
2042 4118
1358 4116
3568 4114
511 4112
1663 4110
1710 4108
3100 4106
2769 4104
2714 4102
1098 4100
846 4098
2738 4096
1746 4094
3416 4092
2273 4090
1764 4088
81 4086
2040 4084
3255 4082
3227 4080
1161 4078
3139 4076
3105 4074
405 4072
2479 4070
471 4068
2023 4066
243 4064
3081 4062
793 4060
2578 4058
1647 4056
187 4054
1526 4052
218 4050
2116 4048
1390 4046
139 4044
3700 4042
3684 4040
2363 4038
2097 4036
2919 4034
1388 4032
138 4030
3519 4028
3451 4026
1105 4024
1662 4022
542 4020
2880 4018
3702 4016
1867 4014
3872 4012
1756 4010
1557 4008
1233 4006
360 4004
2220 4002
2329 4000
2062 3998
926 3996
2742 3994
1931 3992
2606 3990
1863 3988
3955 3986
2897 3984
2873 3982
2732 3980
1751 3978
387 3976
3125 3974
1768 3972
989 3970
2919 3968
1826 3966
635 3964
3268 3962
839 3960
2592 3958
3894 3956
1878 3954
3547 3952
3177 3950
1616 3948
2163 3946
3803 3944
52 3942
3007 3940
3025 3938
2095 3936
1883 3934
3676 3932
2499 3930
676 3928
3726 3926
3176 3924
843 3922
1205 3920
1872 3918
2288 3916
1719 3914
621 3912
1358 3910
1710 3908
3631 3906
431 3904
1213 3902
3051 3900
3381 3898
3633 3896
626 3894
921 3892
1015 3890
707 3888
3517 3886
2322 3884
1085 3882
2908 3880
3250 3878
3183 3876
445 3874
954 3872
188 3870
1010 3868
3236 3866
2589 3864
2869 3862
2722 3860
1539 3858
1722 3856
528 3854
235 3852
1953 3850
2501 3848
3519 3846
2096 3844
2518 3842
3279 3840
2437 3838
1375 3836
3158 3834
1308 3832
1034 3830
3006 3828
2869 3826
2712 3824
1394 3822
409 3820
2251 3818
1087 3816
2099 3814
787 3812
1126 3810
2245 3808
3316 3806
120 3804
2794 3802
1750 3800
3351 3798
968 3796
334 3794
2285 3792
232 3790
3573 3788
2474 3786
2272 3784
2165 3782
2764 3780
536 3778
313 3776
1461 3774
3519 3772
968 3770
1901 3768
660 3766
617 3764
1364 3762
1508 3760
2677 3758
1645 3756
3486 3754
1423 3752
458 3750
1967 3748
1166 3746
322 3744
82 3742
1226 3740
35 3738
2876 3736
1719 3734
1508 3732
3557 3730
3574 3728
2044 3726
2061 3724
2301 3722
2885 3720
3017 3718
3230 3716
3166 3714
255 3712
2796 3710
120 3708
584 3706
190 3704
1313 3702
2316 3700
881 3698
3438 3696
176 3694
3517 3692
2881 3690
319 3688
2801 3686
2291 3684
3502 3682
2689 3680
2546 3678
3544 3676
2496 3674
1042 3672
1006 3670
2241 3668
708 3666
1506 3664
2892 3662
3372 3660
1822 3658
2064 3656
2549 3654
2732 3652
3139 3650
1525 3648
1863 3646
792 3644
1274 3642
1289 3640
2055 3638
636 3636
3016 3634
1693 3632
570 3630
302 3628
1591 3626
922 3624
1367 3622
92 3620
941 3618
3419 3616
1326 3614
344 3612
617 3610
3451 3608
1281 3606
2757 3604
3071 3602
3320 3600
2688 3598
2485 3596
2256 3594
2526 3592
3171 3590
3236 3588
2815 3586
3189 3584
2138 3582
657 3580
891 3578
2783 3576
2605 3574
2005 3572
1682 3570
2735 3568
3463 3566
1174 3564
683 3562
3184 3560
2335 3558
2601 3556
839 3554
1341 3552
556 3550
1714 3548
3534 3546
3420 3544
2429 3542
3124 3540
3242 3538
2824 3536
2612 3534
1996 3532
2096 3530
3091 3528
780 3526
3125 3524
9 3522
1898 3520
1562 3518
872 3516
166 3514
2874 3512
553 3510
1530 3508
3253 3506
1852 3504
55 3502
3107 3500
3475 3498
1268 3496
2986 3494
2967 3492
2835 3490
3030 3488
2597 3486
2745 3484
3016 3482
3249 3480
2369 3478
1995 3476
2154 3474
2554 3472
513 3470
1173 3468
525 3466
3433 3464
3311 3462
787 3460
2571 3458
3090 3456
2313 3454
2981 3452
77 3450
2836 3448
3314 3446
19 3444
3034 3442
47 3440
2777 3438
1873 3436
2392 3434
1366 3432
442 3430
1701 3428
2147 3426
2010 3424
794 3422
1730 3420
2272 3418
782 3416
1975 3414
1305 3412
1711 3410
932 3408
2522 3406
1869 3404
388 3402
2900 3400
745 3398
204 3396
2560 3394
869 3392
2229 3390
190 3388
2838 3386
230 3384
1642 3382
194 3380
1306 3378
2915 3376
3302 3374
3175 3372
3230 3370
648 3368
528 3366
2552 3364
659 3362
2504 3360
602 3358
160 3356
995 3354
47 3352
2314 3350
3272 3348
1929 3346
903 3344
2885 3342
2770 3340
1872 3338
342 3336
3233 3334
1045 3332
1168 3330
1319 3328
2083 3326
896 3324
1684 3322
2211 3320
805 3318
1417 3316
991 3314
3165 3312
502 3310
1152 3308
494 3306
16 3304
1682 3302
958 3300
2205 3298
263 3296
1689 3294
1934 3292
950 3290
2660 3288
1907 3286
831 3284
2033 3282
2583 3280
1563 3278
2392 3276
1992 3274
3061 3272
1215 3270
92 3268
253 3266
1024 3264
1329 3262
208 3260
2459 3258
820 3256
682 3254
773 3252
382 3250
2832 3248
1014 3246
2348 3244
1880 3242
1888 3240
904 3238
1962 3236
2202 3234
2027 3232
977 3230
1351 3228
319 3226
2293 3224
753 3222
2723 3220
405 3218
1216 3216
1986 3214
679 3212
822 3210
409 3208
707 3206
2028 3204
832 3202
1047 3200
152 3198
3041 3196
3114 3194
2141 3192
827 3190
1402 3188
1267 3186
2031 3184
1880 3182
1450 3180
1631 3178
3107 3176
1346 3174
3011 3172
315 3170
908 3168
818 3166
1364 3164
215 3162
258 3160
2941 3158
527 3156
543 3154
1208 3152
314 3150
2386 3148
641 3146
1510 3144
1041 3142
2733 3140
1901 3138
1210 3136
2831 3134
1384 3132
2777 3130
2897 3128
57 3126
1903 3124
2863 3122
1566 3120
162 3118
1029 3116
3065 3114
2390 3112
1600 3110
765 3108
2805 3106
910 3104
2132 3102
87 3100
1687 3098
613 3096
548 3094
2433 3092
1688 3090
1234 3088
777 3086
2015 3084
672 3082
2548 3080
2830 3078
1164 3076
1719 3074
430 3072
2228 3070
1793 3068
1603 3066
2942 3064
2547 3062
1247 3060
1150 3058
2069 3056
210 3054
1579 3052
690 3050
1950 3048
1279 3046
1343 3044
2851 3042
585 3040
65 3038
82 3036
2174 3034
1412 3032
1123 3030
809 3028
2019 3026
1910 3024
1910 3022
413 3020
1885 3018
2251 3016
2776 3014
2633 3012
753 3010
2478 3008
1820 3006
2467 3004
866 3002
950 3000
545 2998
988 2996
2906 2994
7 2992
1425 2990
788 2988
1574 2986
611 2984
1984 2982
1958 2980
427 2978
2163 2976
1112 2974
126 2972
1956 2970
273 2968
278 2966
1106 2964
630 2962
101 2960
1937 2958
2263 2956
957 2954
1724 2952
1947 2950
5 2948
1289 2946
916 2944
2305 2942
348 2940
1803 2938
1947 2936
2759 2934
1351 2932
971 2930
2842 2928
2021 2926
2560 2924
1257 2922
752 2920
946 2918
1410 2916
655 2914
19 2912
368 2910
1912 2908
446 2906
1004 2904
2670 2902
2858 2900
2373 2898
931 2896
1572 2894
584 2892
2373 2890
1794 2888
2274 2886
1041 2884
2121 2882
1478 2880
636 2878
507 2876
1402 2874
1268 2872
1643 2870
691 2868
785 2866
961 2864
883 2862
1191 2860
1764 2858
612 2856
633 2854
2247 2852
2282 2850
2213 2848
902 2846
813 2844
514 2842
460 2840
1731 2838
29 2836
2029 2834
146 2832
756 2830
2791 2828
299 2826
332 2824
712 2822
2504 2820
2460 2818
583 2816
1164 2814
227 2812
251 2810
1126 2808
1313 2806
675 2804
2638 2802
1101 2800
513 2798
1423 2796
1883 2794
1032 2792
479 2790
2135 2788
2262 2786
1867 2784
1052 2782
1484 2780
303 2778
694 2776
1408 2774
489 2772
1198 2770
471 2768
770 2766
2656 2764
1291 2762
2736 2760
2096 2758
2641 2756
2533 2754
284 2752
381 2750
2229 2748
2631 2746
2542 2744
1428 2742
84 2740
1538 2738
48 2736
1096 2734
1787 2732
3 2730
2086 2728
75 2726
1478 2724
871 2722
1003 2720
353 2718
1427 2716
2547 2714
946 2712
1516 2710
1323 2708
111 2706
863 2704
1349 2702
2255 2700
1650 2698
14 2696
1459 2694
2665 2692
2049 2690
2137 2688
1844 2686
1427 2684
1728 2682
138 2680
513 2678
379 2676
166 2674
1375 2672
283 2670
996 2668
2463 2666
340 2664
415 2662
929 2660
2053 2658
68 2656
1991 2654
19 2652
1176 2650
31 2648
1851 2646
2054 2644
2483 2642
2267 2640
1431 2638
708 2636
1206 2634
2529 2632
2318 2630
1994 2628
1280 2626
630 2624
2613 2622
2063 2620
1162 2618
18 2616
1507 2614
459 2612
2606 2610
939 2608
812 2606
199 2604
789 2602
2043 2600
1733 2598
2236 2596
1669 2594
1809 2592
1668 2590
1206 2588
626 2586
2331 2584
1129 2582
1064 2580
2446 2578
1668 2576
2248 2574
43 2572
993 2570
1073 2568
1030 2566
1619 2564
537 2562
237 2560
1950 2558
839 2556
2029 2554
323 2552
1026 2550
1237 2548
2234 2546
112 2544
486 2542
1330 2540
2326 2538
706 2536
22 2534
1444 2532
1755 2530
611 2528
275 2526
1664 2524
255 2522
145 2520
578 2518
1657 2516
1707 2514
777 2512
43 2510
125 2508
35 2506
1172 2504
1369 2502
814 2500
1409 2498
2448 2496
529 2494
102 2492
1834 2490
696 2488
1582 2486
779 2484
1334 2482
378 2480
2079 2478
302 2476
975 2474
1834 2472
1866 2470
50 2468
1942 2466
59 2464
1135 2462
1607 2460
1294 2458
25 2456
1075 2454
2185 2452
1406 2450
923 2448
1785 2446
2231 2444
1020 2442
1450 2440
1657 2438
2142 2436
616 2434
1740 2432
606 2430
1357 2428
595 2426
1428 2424
2065 2422
2059 2420
244 2418
2167 2416
2227 2414
1032 2412
561 2410
2252 2408
2003 2406
2231 2404
1171 2402
443 2400
782 2398
390 2396
1390 2394
1715 2392
751 2390
1134 2388
2294 2386
2002 2384
1532 2382
719 2380
1258 2378
2214 2376
891 2374
792 2372
101 2370
1122 2368
372 2366
2327 2364
1697 2362
437 2360
741 2358
184 2356
1487 2354
1167 2352
947 2350
809 2348
357 2346
190 2344
426 2342
2221 2340
617 2338
2249 2336
1875 2334
2306 2332
495 2330
1291 2328
220 2326
1475 2324
375 2322
1700 2320
1411 2318
1486 2316
1667 2314
545 2312
239 2310
1306 2308
224 2306
1322 2304
1430 2302
2137 2300
979 2298
1245 2296
1977 2294
510 2292
760 2290
2002 2288
1484 2286
1938 2284
1719 2282
1445 2280
1154 2278
1405 2276
1697 2274
570 2272
624 2270
463 2268
1603 2266
90 2264
2089 2262
1732 2260
1708 2258
716 2256
848 2254
26 2252
1343 2250
1989 2248
203 2246
270 2244
2161 2242
1032 2240
1094 2238
1924 2236
995 2234
1542 2232
2217 2230
787 2228
1918 2226
1138 2224
498 2222
27 2220
125 2218
649 2216
886 2214
368 2212
710 2210
1674 2208
1153 2206
1761 2204
2111 2202
450 2200
765 2198
397 2196
271 2194
516 2192
624 2190
440 2188
599 2186
531 2184
2063 2182
447 2180
2081 2178
1293 2176
1235 2174
533 2172
544 2170
1633 2168
653 2166
876 2164
1835 2162
1396 2160
1544 2158
657 2156
1088 2154
1953 2152
8 2150
1307 2148
1116 2146
1376 2144
142 2142
1505 2140
2127 2138
1910 2136
406 2134
252 2132
617 2130
344 2128
312 2126
1677 2124
830 2122
874 2120
1770 2118
446 2116
1780 2114
90 2112
167 2110
1445 2108
650 2106
886 2104
891 2102
1098 2100
114 2098
836 2096
1658 2094
2067 2092
155 2090
2005 2088
668 2086
386 2084
1675 2082
2077 2080
648 2078
12 2076
1109 2074
287 2072
237 2070
1347 2068
164 2066
1719 2064
271 2062
1000 2060
39 2058
1707 2056
1230 2054
560 2052
1369 2050
1956 2048
134 2046
439 2044
2005 2042
1879 2040
41 2038
301 2036
1743 2034
1074 2032
875 2030
91 2028
1643 2026
1410 2024
699 2022
974 2020
650 2018
653 2016
1594 2014
339 2012
674 2010
1095 2008
1296 2006
1027 2004
77 2002
611 2000
1085 1998
514 1996
1516 1994
678 1992
996 1990
837 1988
329 1986
1144 1984
191 1982
1657 1980
300 1978
1875 1976
702 1974
1528 1972
1427 1970
745 1968
968 1966
169 1964
635 1962
1279 1960
1861 1958
1848 1956
564 1954
1909 1952
1607 1950
536 1948
1044 1946
1897 1944
1144 1942
349 1940
1073 1938
912 1936
700 1934
204 1932
1292 1930
1291 1928
1110 1926
1322 1924
1575 1922
388 1920
479 1918
1158 1916
1099 1914
1326 1912
1392 1910
1765 1908
1896 1906
1608 1904
1772 1902
1816 1900
334 1898
788 1896
215 1894
1280 1892
315 1890
53 1888
629 1886
463 1884
1310 1882
583 1880
892 1878
108 1876
1603 1874
406 1872
1568 1870
390 1868
1853 1866
151 1864
774 1862
1560 1860
125 1858
1213 1856
1528 1854
1505 1852
821 1850
1543 1848
180 1846
1569 1844
1527 1842
954 1840
596 1838
1536 1836
1441 1834
971 1832
858 1830
1384 1828
698 1826
1423 1824
701 1822
474 1820
258 1818
1241 1816
1710 1814
150 1812
1733 1810
277 1808
1735 1806
876 1804
954 1802
1291 1800
1165 1798
706 1796
1712 1794
1614 1792
217 1790
908 1788
380 1786
925 1784
907 1782
488 1780
986 1778
1229 1776
1438 1774
1452 1772
448 1770
793 1768
1219 1766
420 1764
1149 1762
1255 1760
579 1758
53 1756
1322 1754
1679 1752
1429 1750
291 1748
1529 1746
1570 1744
1052 1742
456 1740
629 1738
1544 1736
186 1734
54 1732
856 1730
1546 1728
133 1726
1288 1724
1494 1722
616 1720
109 1718
291 1716
1489 1714
1625 1712
1427 1710
410 1708
1554 1706
1672 1704
394 1702
58 1700
1341 1698
1350 1696
1401 1694
489 1692
872 1690
1045 1688
1158 1686
949 1684
200 1682
1425 1680
670 1678
106 1676
959 1674
37 1672
387 1670
1291 1668
154 1666
1366 1664
1299 1662
1396 1660
563 1658
1100 1656
1086 1654
794 1652
1557 1650
354 1648
271 1646
241 1644
1493 1642
1421 1640
707 1638
1506 1636
1312 1634
972 1632
644 1630
2 1628
1052 1626
842 1624
921 1622
610 1620
1300 1618
517 1616
150 1614
1087 1612
1035 1610
1351 1608
1577 1606
271 1604
61 1602
113 1600
1338 1598
885 1596
740 1594
944 1592
1368 1590
1487 1588
145 1586
1309 1584
197 1582
740 1580
1515 1578
312 1576
767 1574
942 1572
1566 1570
93 1568
929 1566
1188 1564
1454 1562
33 1560
81 1558
1534 1556
137 1554
985 1552
1262 1550
1391 1548
526 1546
1364 1544
1380 1542
1080 1540
1001 1538
740 1536
1379 1534
632 1532
553 1530
709 1528
613 1526
645 1524
486 1522
889 1520
1088 1518
1126 1516
885 1514
518 1512
425 1510
243 1508
153 1506
538 1504
304 1502
1370 1500
674 1498
482 1496
1264 1494
884 1492
1164 1490
1156 1488
806 1486
1282 1484
341 1482
1218 1480
498 1478
775 1476
1 1474
1307 1472
1366 1470
1158 1468
178 1466
198 1464
1407 1462
882 1460
281 1458
767 1456
725 1454
1224 1452
839 1450
653 1448
1172 1446
252 1444
1396 1442
1110 1440
869 1438
1141 1436
584 1434
161 1432
438 1430
458 1428
198 1426
1190 1424
976 1422
167 1420
825 1418
89 1416
685 1414
546 1412
364 1410
733 1408
669 1406
1107 1404
434 1402
1274 1400
928 1398
1304 1396
267 1394
1058 1392
1267 1390
801 1388
1314 1386
828 1384
1 1382
71 1380
100 1378
769 1376
941 1374
301 1372
1118 1370
1109 1368
40 1366
1013 1364
235 1362
496 1360
859 1358
604 1356
335 1354
1095 1352
1133 1350
755 1348
239 1346
155 1344
601 1342
841 1340
511 1338
218 1336
911 1334
136 1332
1175 1330
1226 1328
964 1326
835 1324
1262 1322
1108 1320
581 1318
229 1316
218 1314
877 1312
130 1310
1087 1308
1262 1306
294 1304
552 1302
7 1300
816 1298
744 1296
2 1294
1023 1292
474 1290
1232 1288
1024 1286
615 1284
876 1282
40 1280
1214 1278
981 1276
435 1274
419 1272
1211 1270
263 1268
832 1266
131 1264
817 1262
934 1260
626 1258
1188 1256
1212 1254
662 1252
899 1250
369 1248
1063 1246
101 1244
1131 1242
458 1240
1159 1238
345 1236
1110 1234
906 1232
766 1230
373 1228
851 1226
102 1224
182 1222
441 1220
214 1218
649 1216
395 1214
722 1212
527 1210
572 1208
533 1206
1056 1204
874 1202
911 1200
1038 1198
224 1196
1118 1194
558 1192
1038 1190
684 1188
62 1186
136 1184
893 1182
295 1180
636 1178
469 1176
804 1174
561 1172
332 1170
172 1168
318 1166
671 1164
161 1162
488 1160
107 1158
81 1156
1075 1154
77 1152
118 1150
578 1148
27 1146
901 1144
523 1142
272 1140
567 1138
857 1136
1123 1134
191 1132
561 1130
868 1128
749 1126
281 1124
518 1122
297 1120
110 1118
434 1116
320 1114
421 1112
236 1110
672 1108
587 1106
1001 1104
329 1102
531 1100
942 1098
8 1096
274 1094
565 1092
953 1090
624 1088
327 1086
68 1084
527 1082
765 1080
321 1078
346 1076
715 1074
237 1072
564 1070
161 1068
993 1066
845 1064
698 1062
807 1060
164 1058
610 1056
806 1054
822 1052
588 1050
625 1048
982 1046
878 1044
869 1042
638 1040
321 1038
208 1036
342 1034
945 1032
183 1030
376 1028
27 1026
800 1024
300 1022
946 1020
988 1018
211 1016
20 1014
719 1012
60 1010
657 1008
427 1006
456 1004
350 1002
435 1000
364 998
901 996
195 994
157 992
656 990
797 988
422 986
595 984
410 982
867 980
289 978
367 976
582 974
177 972
963 970
550 968
373 966
62 964
122 962
775 960
126 958
98 956
838 954
703 952
694 950
489 948
558 946
82 944
529 942
635 940
792 938
361 936
596 934
345 932
283 930
850 928
814 926
280 924
735 922
606 920
102 918
815 916
469 914
851 912
659 910
230 908
74 906
91 904
409 902
31 900
684 898
765 896
460 894
798 892
41 890
86 888
649 886
727 884
308 882
616 880
87 878
774 876
109 874
325 872
82 870
42 868
157 866
300 864
853 862
15 860
581 858
129 856
212 854
250 852
143 850
679 848
768 846
415 844
0 842
746 840
522 838
557 836
213 834
730 832
370 830
767 828
399 826
816 824
738 822
466 820
764 818
323 816
441 814
274 812
799 810
5 808
310 806
646 804
414 802
290 800
567 798
161 796
225 794
283 792
145 790
296 788
597 786
680 784
337 782
261 780
196 778
393 776
682 774
21 772
363 770
22 768
660 766
411 764
211 762
260 760
36 758
71 756
455 754
736 752
597 750
18 748
379 746
370 744
19 742
309 740
724 738
634 736
296 734
571 732
235 730
442 728
244 726
142 724
294 722
503 720
439 718
229 716
482 714
308 712
673 710
205 708
694 706
95 704
236 702
634 700
507 698
181 696
346 694
573 692
139 690
159 688
309 686
294 684
253 682
375 680
92 678
459 676
303 674
144 672
451 670
164 668
496 666
645 664
567 662
340 660
362 658
124 656
111 654
218 652
24 650
199 648
160 646
220 644
326 642
337 640
327 638
234 636
97 634
79 632
38 630
294 628
166 626
492 624
84 622
251 620
604 618
519 616
451 614
496 612
368 610
26 608
551 606
517 604
520 602
399 600
101 598
521 596
377 594
543 592
431 590
500 588
474 586
471 584
533 582
333 580
401 578
497 576
70 574
4 572
477 570
369 568
210 566
148 564
136 562
474 560
135 558
401 556
202 554
452 552
451 550
306 548
72 546
467 544
342 542
455 540
330 538
442 536
131 534
224 532
194 530
219 528
229 526
303 524
86 522
411 520
377 518
236 516
217 514
272 512
161 510
33 508
80 506
360 504
333 502
478 500
320 498
386 496
215 494
187 492
363 490
111 488
206 486
222 484
175 482
390 480
220 478
163 476
430 474
86 472
315 470
142 468
275 466
351 464
112 462
107 460
372 458
159 456
223 454
57 452
401 450
199 448
182 446
223 444
55 442
198 440
157 438
42 436
323 434
130 432
3 430
279 428
267 426
378 424
376 422
203 420
282 418
230 416
104 414
138 412
408 410
282 408
76 406
316 404
104 402
271 400
287 398
167 396
374 394
343 392
67 390
231 388
12 386
4 384
25 382
230 380
359 378
193 376
360 374
123 372
248 370
169 368
240 366
260 364
50 362
291 360
42 358
261 356
177 354
201 352
264 350
20 348
33 346
185 344
128 342
76 340
240 338
289 336
290 334
165 332
95 330
182 328
256 326
180 324
195 322
290 320
206 318
305 316
39 314
266 312
209 310
211 308
302 306
151 304
93 302
218 300
83 298
160 296
203 294
66 292
226 290
236 288
105 286
247 284
142 282
220 280
80 278
147 276
218 274
47 272
142 270
157 268
219 266
130 264
215 262
86 260
49 258
97 256
117 254
154 252
184 250
217 248
86 246
6 244
52 242
130 240
29 238
7 236
19 234
22 232
77 230
24 228
206 226
124 224
137 222
27 220
56 218
80 216
203 214
20 212
192 210
59 208
50 206
184 204
17 202
74 200
67 198
122 196
6 194
75 192
40 190
65 188
157 186
25 184
173 182
163 180
38 178
18 176
84 174
25 172
31 170
159 168
119 166
114 164
16 162
41 160
111 158
52 156
15 154
103 152
115 150
31 148
72 146
7 144
101 142
121 140
38 138
64 136
112 134
75 132
53 130
28 128
67 126
108 124
48 122
110 120
72 118
34 116
66 114
40 112
76 110
86 108
93 106
76 104
32 102
85 100
56 98
52 96
90 94
53 92
31 90
74 88
64 86
54 84
39 82
3 80
29 78
11 76
37 74
2 72
20 70
63 68
60 66
1 64
15 62
16 60
25 58
31 56
14 54
42 52
22 50
24 48
43 46
4 44
14 42
8 40
7 38
18 36
5 34
16 32
5 30
18 28
9 26
17 24
20 22
2 20
1 18
10 16
3 14
6 12
9 10
2 8
4 6
3 4
0 2
