5062 6000
5689 5998
3579 5996
3378 5994
432 5992
3455 5990
1124 5988
2647 5986
126 5984
232 5982
5745 5980
3692 5978
3554 5976
2546 5974
2936 5972
2469 5970
2798 5968
2705 5966
643 5964
2314 5962
5955 5960
3185 5958
1818 5956
3230 5954
2604 5952
4787 5950
1187 5948
1079 5946
3468 5944
2339 5942
4 5940
5348 5938
5697 5936
2425 5934
1638 5932
1978 5930
3213 5928
799 5926
760 5924
3352 5922
3563 5920
608 5918
4525 5916
63 5914
1514 5912
2406 5910
2679 5908
1986 5906
4825 5904
5806 5902
2253 5900
1504 5898
1996 5896
2439 5894
3580 5892
3170 5890
3538 5888
1706 5886
5751 5884
2598 5882
966 5880
1278 5878
4548 5876
2314 5874
3707 5872
3211 5870
4730 5868
3577 5866
1416 5864
628 5862
2090 5860
3525 5858
889 5856
3605 5854
5315 5852
4723 5850
1526 5848
932 5846
3836 5844
5471 5842
4398 5840
4767 5838
5067 5836
1336 5834
382 5832
2680 5830
4836 5828
3686 5826
4520 5824
1422 5822
2642 5820
2549 5818
4736 5816
69 5814
517 5812
5718 5810
389 5808
3580 5806
2495 5804
5225 5802
1086 5800
2495 5798
1533 5796
681 5794
3419 5792
4694 5790
3568 5788
611 5786
2160 5784
2005 5782
3029 5780
3907 5778
975 5776
449 5774
5149 5772
2438 5770
4084 5768
5070 5766
2951 5764
859 5762
3145 5760
1852 5758
2381 5756
288 5754
4280 5752
1640 5750
2873 5748
289 5746
5428 5744
803 5742
3502 5740
5487 5738
2611 5736
5432 5734
4933 5732
182 5730
1691 5728
3102 5726
681 5724
3430 5722
1990 5720
5019 5718
668 5716
482 5714
1310 5712
2439 5710
356 5708
3075 5706
1327 5704
2596 5702
1687 5700
2447 5698
3113 5696
673 5694
1477 5692
5671 5690
3778 5688
213 5686
3627 5684
413 5682
4906 5680
2398 5678
5502 5676
3309 5674
2423 5672
2165 5670
2912 5668
4850 5666
4076 5664
643 5662
4733 5660
253 5658
2800 5656
1251 5654
2100 5652
3528 5650
1319 5648
1142 5646
4131 5644
1871 5642
3195 5640
3464 5638
5423 5636
2835 5634
4900 5632
1851 5630
2002 5628
2770 5626
787 5624
4211 5622
1487 5620
1323 5618
4270 5616
1631 5614
5246 5612
4959 5610
5599 5608
2144 5606
3560 5604
3277 5602
3346 5600
1844 5598
3652 5596
3453 5594
73 5592
193 5590
1092 5588
746 5586
5385 5584
2539 5582
5409 5580
2738 5578
2701 5576
1611 5574
4275 5572
3860 5570
4278 5568
5513 5566
2012 5564
3273 5562
1173 5560
1847 5558
4840 5556
2363 5554
5170 5552
4576 5550
5305 5548
1303 5546
2432 5544
4563 5542
3786 5540
2041 5538
2090 5536
3797 5534
1330 5532
1157 5530
2301 5528
322 5526
4422 5524
839 5522
4916 5520
4350 5518
5283 5516
475 5514
1830 5512
3 5510
518 5508
2665 5506
4202 5504
2298 5502
2191 5500
2944 5498
1520 5496
4680 5494
2197 5492
5395 5490
691 5488
4142 5486
5199 5484
4115 5482
677 5480
5080 5478
4607 5476
3846 5474
2864 5472
1602 5470
4182 5468
1255 5466
2482 5464
5106 5462
2033 5460
1226 5458
1533 5456
4104 5454
1939 5452
1520 5450
2755 5448
1716 5446
4634 5444
960 5442
561 5440
4611 5438
1240 5436
3304 5434
1788 5432
3733 5430
2316 5428
4435 5426
828 5424
2745 5422
1530 5420
2940 5418
2841 5416
5210 5414
4233 5412
2303 5410
1495 5408
3072 5406
3828 5404
1268 5402
372 5400
4528 5398
2812 5396
896 5394
3553 5392
1727 5390
1320 5388
2261 5386
4563 5384
1387 5382
2858 5380
2320 5378
2031 5376
1845 5374
1197 5372
4299 5370
4965 5368
4014 5366
2948 5364
1355 5362
538 5360
4591 5358
2304 5356
3669 5354
736 5352
4867 5350
2560 5348
2686 5346
4728 5344
464 5342
765 5340
1648 5338
1638 5336
4434 5334
1614 5332
3290 5330
4287 5328
3606 5326
3456 5324
1671 5322
3577 5320
5128 5318
2595 5316
2397 5314
4822 5312
1858 5310
3721 5308
5158 5306
3609 5304
716 5302
4942 5300
1230 5298
1238 5296
2412 5294
5264 5292
806 5290
1877 5288
2540 5286
3344 5284
4350 5282
970 5280
4298 5278
4330 5276
2911 5274
931 5272
2056 5270
4621 5268
683 5266
1274 5264
1659 5262
1822 5260
2728 5258
4295 5256
4036 5254
3736 5252
3702 5250
383 5248
924 5246
1516 5244
4231 5242
4112 5240
2447 5238
4393 5236
313 5234
1248 5232
933 5230
716 5228
2383 5226
1634 5224
3510 5222
2556 5220
3573 5218
222 5216
3945 5214
2143 5212
1872 5210
3552 5208
4298 5206
2348 5204
575 5202
1508 5200
1405 5198
1404 5196
3705 5194
513 5192
1980 5190
1497 5188
2415 5186
2739 5184
1862 5182
4604 5180
4409 5178
2238 5176
1035 5174
2304 5172
914 5170
4113 5168
1948 5166
469 5164
2421 5162
2368 5160
3463 5158
3079 5156
3936 5154
2403 5152
4481 5150
3195 5148
4394 5146
2138 5144
2972 5142
3453 5140
324 5138
1727 5136
2295 5134
4555 5132
3419 5130
1574 5128
217 5126
5021 5124
3305 5122
4514 5120
2761 5118
4207 5116
996 5114
2739 5112
771 5110
2540 5108
1664 5106
1456 5104
4492 5102
3415 5100
1234 5098
2193 5096
2459 5094
87 5092
686 5090
2360 5088
2923 5086
4250 5084
4563 5082
386 5080
4614 5078
626 5076
3384 5074
4211 5072
1819 5070
1575 5068
2058 5066
1521 5064
1461 5062
3345 5060
4296 5058
627 5056
1775 5054
31 5052
1350 5050
617 5048
275 5046
1777 5044
1924 5042
4301 5040
3415 5038
3856 5036
4924 5034
80 5032
2051 5030
2571 5028
1357 5026
4667 5024
4875 5022
3786 5020
1159 5018
3124 5016
4584 5014
1183 5012
2700 5010
2758 5008
3695 5006
1464 5004
2974 5002
3125 5000
4625 4998
3456 4996
3076 4994
1739 4992
129 4990
341 4988
2365 4986
4526 4984
2751 4982
3301 4980
1344 4978
168 4976
358 4974
4524 4972
4475 4970
2807 4968
1726 4966
1065 4964
3843 4962
1908 4960
2749 4958
621 4956
3971 4954
4341 4952
2531 4950
4336 4948
4717 4946
4336 4944
3465 4942
2173 4940
677 4938
1130 4936
4387 4934
846 4932
2892 4930
2719 4928
454 4926
3953 4924
3614 4922
4260 4920
3816 4918
2978 4916
4115 4914
2206 4912
3310 4910
644 4908
43 4906
3591 4904
2438 4902
2310 4900
526 4898
4627 4896
1667 4894
2181 4892
2757 4890
4031 4888
243 4886
2999 4884
4876 4882
3036 4880
3592 4878
1224 4876
1285 4874
1547 4872
2062 4870
382 4868
2334 4866
2980 4864
2225 4862
2265 4860
2956 4858
3530 4856
3132 4854
845 4852
3374 4850
3485 4848
4678 4846
582 4844
4826 4842
3303 4840
2194 4838
3111 4836
885 4834
2441 4832
3080 4830
1728 4828
700 4826
114 4824
923 4822
892 4820
3858 4818
205 4816
3052 4814
1659 4812
1005 4810
1423 4808
2338 4806
1958 4804
4540 4802
1505 4800
3277 4798
4477 4796
2255 4794
1399 4792
39 4790
68 4788
3664 4786
1141 4784
4573 4782
2103 4780
3109 4778
3971 4776
4695 4774
2875 4772
118 4770
1533 4768
2280 4766
1680 4764
2210 4762
3392 4760
1429 4758
3787 4756
2305 4754
3307 4752
2592 4750
1932 4748
220 4746
2131 4744
4067 4742
4061 4740
1359 4738
4612 4736
4728 4734
3635 4732
1431 4730
294 4728
3532 4726
2890 4724
4039 4722
3630 4720
3863 4718
2334 4716
2476 4714
512 4712
29 4710
2479 4708
2430 4706
1552 4704
1895 4702
1589 4700
835 4698
1681 4696
3964 4694
1008 4692
1295 4690
3389 4688
4558 4686
4047 4684
915 4682
2533 4680
1696 4678
2496 4676
3666 4674
1558 4672
3474 4670
2500 4668
1117 4666
393 4664
3039 4662
4059 4660
3742 4658
4414 4656
1530 4654
364 4652
2263 4650
3876 4648
1122 4646
2911 4644
2578 4642
2595 4640
1670 4638
1319 4636
2964 4634
3685 4632
2099 4630
3185 4628
875 4626
1324 4624
1491 4622
1128 4620
1778 4618
4155 4616
3973 4614
1533 4612
3312 4610
273 4608
3520 4606
2679 4604
3973 4602
645 4600
783 4598
3571 4596
731 4594
1343 4592
3202 4590
364 4588
361 4586
372 4584
2802 4582
3745 4580
20 4578
3759 4576
3717 4574
889 4572
346 4570
3735 4568
4094 4566
2970 4564
1042 4562
4111 4560
22 4558
767 4556
2122 4554
1360 4552
4296 4550
296 4548
2307 4546
1844 4544
1342 4542
1637 4540
4212 4538
2771 4536
1274 4534
1622 4532
2061 4530
1411 4528
209 4526
1294 4524
991 4522
3975 4520
1900 4518
1145 4516
4486 4514
735 4512
2918 4510
3469 4508
2840 4506
3457 4504
1172 4502
3134 4500
665 4498
27 4496
4298 4494
1089 4492
1660 4490
3158 4488
1960 4486
4352 4484
4155 4482
50 4480
934 4478
520 4476
4122 4474
2103 4472
1200 4470
4276 4468
1898 4466
578 4464
2186 4462
1231 4460
1592 4458
2388 4456
59 4454
2142 4452
4161 4450
4411 4448
821 4446
2698 4444
1570 4442
232 4440
620 4438
1266 4436
4306 4434
1856 4432
2976 4430
1422 4428
1404 4426
1758 4424
502 4422
1423 4420
3765 4418
2910 4416
3397 4414
784 4412
2136 4410
627 4408
2793 4406
3167 4404
825 4402
184 4400
420 4398
1113 4396
1949 4394
3777 4392
1294 4390
3353 4388
1272 4386
3601 4384
2262 4382
3272 4380
14 4378
4154 4376
4205 4374
3698 4372
2479 4370
3706 4368
4277 4366
750 4364
3863 4362
3535 4360
1949 4358
1289 4356
1941 4354
1881 4352
2376 4350
3452 4348
1222 4346
1117 4344
1058 4342
1243 4340
3833 4338
2746 4336
885 4334
2513 4332
843 4330
3910 4328
1844 4326
1388 4324
4159 4322
1175 4320
3486 4318
1493 4316
3087 4314
3828 4312
2909 4310
2482 4308
2144 4306
3716 4304
4154 4302
2024 4300
310 4298
1887 4296
3805 4294
2753 4292
3711 4290
2841 4288
1393 4286
2362 4284
1924 4282
3153 4280
1086 4278
2618 4276
2680 4274
165 4272
1955 4270
3807 4268
2038 4266
952 4264
3439 4262
1937 4260
3144 4258
757 4256
915 4254
3958 4252
2192 4250
2638 4248
4094 4246
1308 4244
584 4242
3001 4240
124 4238
113 4236
235 4234
733 4232
3274 4230
2222 4228
3908 4226
2471 4224
1223 4222
1517 4220
1462 4218
2622 4216
1782 4214
4059 4212
2858 4210
270 4208
1753 4206
3079 4204
2141 4202
3362 4200
784 4198
3145 4196
1207 4194
1373 4192
2146 4190
3066 4188
2019 4186
652 4184
738 4182
3088 4180
1050 4178
2749 4176
767 4174
3834 4172
1125 4170
173 4168
3471 4166
2256 4164
3922 4162
738 4160
2791 4158
514 4156
2140 4154
831 4152
3928 4150
2267 4148
326 4146
2754 4144
3809 4142
406 4140
696 4138
1644 4136
1728 4134
892 4132
3640 4130
1867 4128
2088 4126
473 4124
3397 4122
1188 4120
1709 4118
935 4116
2496 4114
2411 4112
462 4110
4006 4108
1956 4106
1324 4104
641 4102
2594 4100
3178 4098
2905 4096
1357 4094
381 4092
3214 4090
727 4088
714 4086
960 4084
3838 4082
3468 4080
367 4078
295 4076
1618 4074
3390 4072
867 4070
48 4068
1348 4066
24 4064
2958 4062
392 4060
3699 4058
1166 4056
2733 4054
2248 4052
3015 4050
3639 4048
1728 4046
543 4044
370 4042
2093 4040
1620 4038
3607 4036
367 4034
3051 4032
1380 4030
3000 4028
3860 4026
2645 4024
842 4022
3041 4020
3248 4018
1848 4016
2951 4014
852 4012
2178 4010
2553 4008
1878 4006
2292 4004
267 4002
112 4000
2764 3998
1184 3996
1483 3994
847 3992
117 3990
2351 3988
1550 3986
3235 3984
1895 3982
3836 3980
2009 3978
2569 3976
1512 3974
3595 3972
1082 3970
2093 3968
1911 3966
1195 3964
2630 3962
3897 3960
3241 3958
3218 3956
2183 3954
2477 3952
2251 3950
1176 3948
2853 3946
826 3944
577 3942
2207 3940
1829 3938
96 3936
335 3934
2540 3932
2994 3930
1802 3928
2575 3926
242 3924
189 3922
2358 3920
1431 3918
974 3916
2646 3914
3577 3912
843 3910
2122 3908
2993 3906
1502 3904
2838 3902
3820 3900
1418 3898
2596 3896
1546 3894
3539 3892
1906 3890
1873 3888
1177 3886
2600 3884
535 3882
2478 3880
980 3878
612 3876
881 3874
3326 3872
1807 3870
2594 3868
250 3866
594 3864
3235 3862
761 3860
1778 3858
3596 3856
1403 3854
966 3852
1560 3850
532 3848
873 3846
2470 3844
2465 3842
617 3840
2656 3838
527 3836
3109 3834
2373 3832
797 3830
3361 3828
576 3826
181 3824
2420 3822
1110 3820
2702 3818
2465 3816
3715 3814
1741 3812
2838 3810
3271 3808
710 3806
1706 3804
2331 3802
2074 3800
335 3798
132 3796
942 3794
3650 3792
1352 3790
1281 3788
2617 3786
2390 3784
2281 3782
416 3780
2473 3778
1817 3776
1494 3774
2815 3772
1259 3770
999 3768
1871 3766
3478 3764
3428 3762
1901 3760
1009 3758
414 3756
441 3754
2803 3752
877 3750
972 3748
1885 3746
1482 3744
213 3742
505 3740
943 3738
3070 3736
192 3734
376 3732
216 3730
3089 3728
896 3726
3511 3724
966 3722
1085 3720
758 3718
2475 3716
155 3714
2431 3712
1982 3710
707 3708
2432 3706
1148 3704
1721 3702
66 3700
2340 3698
2477 3696
2968 3694
2791 3692
3314 3690
3148 3688
1549 3686
1264 3684
2686 3682
3643 3680
2328 3678
402 3676
564 3674
1235 3672
2422 3670
266 3668
2549 3666
1977 3664
905 3662
2583 3660
49 3658
3476 3656
1193 3654
841 3652
642 3650
230 3648
3635 3646
3350 3644
3099 3642
3416 3640
2286 3638
1385 3636
507 3634
249 3632
572 3630
1995 3628
2886 3626
778 3624
2120 3622
943 3620
1852 3618
102 3616
699 3614
2678 3612
3281 3610
209 3608
2328 3606
1834 3604
1688 3602
3380 3600
3309 3598
2494 3596
1830 3594
373 3592
686 3590
2639 3588
1444 3586
504 3584
681 3582
348 3580
2553 3578
1675 3576
2182 3574
1019 3572
2197 3570
1791 3568
1314 3566
2827 3564
3466 3562
3036 3560
2320 3558
659 3556
1160 3554
2107 3552
1253 3550
2443 3548
540 3546
352 3544
1251 3542
738 3540
2153 3538
1928 3536
1033 3534
2631 3532
2311 3530
2116 3528
2518 3526
936 3524
3246 3522
1058 3520
802 3518
885 3516
1224 3514
2397 3512
2439 3510
1804 3508
2889 3506
798 3504
2120 3502
1926 3500
1450 3498
812 3496
2798 3494
2878 3492
307 3490
3196 3488
1601 3486
1521 3484
2948 3482
1115 3480
2569 3478
1260 3476
2647 3474
1174 3472
466 3470
1989 3468
2388 3466
3060 3464
1555 3462
3 3460
1270 3458
2953 3456
107 3454
1050 3452
1944 3450
3060 3448
443 3446
1131 3444
408 3442
77 3440
1328 3438
3081 3436
2963 3434
399 3432
327 3430
3353 3428
1932 3426
55 3424
3405 3422
826 3420
243 3418
2208 3416
248 3414
2728 3412
1874 3410
2594 3408
2743 3406
1175 3404
761 3402
947 3400
2580 3398
1803 3396
3111 3394
2904 3392
399 3390
1515 3388
817 3386
2326 3384
1958 3382
1781 3380
2331 3378
1828 3376
1412 3374
1553 3372
2203 3370
634 3368
2370 3366
2953 3364
3048 3362
2915 3360
227 3358
2675 3356
2344 3354
2382 3352
484 3350
187 3348
2273 3346
2215 3344
3036 3342
1932 3340
2002 3338
900 3336
200 3334
1343 3332
957 3330
3311 3328
1918 3326
2613 3324
56 3322
1631 3320
2881 3318
124 3316
435 3314
365 3312
1340 3310
2012 3308
1608 3306
1654 3304
1989 3302
2797 3300
1610 3298
443 3296
1809 3294
3021 3292
2651 3290
814 3288
3026 3286
1996 3284
789 3282
2584 3280
1799 3278
2418 3276
368 3274
98 3272
2581 3270
1305 3268
1237 3266
1815 3264
1029 3262
2062 3260
1533 3258
233 3256
2116 3254
13 3252
1229 3250
2518 3248
1998 3246
1536 3244
2029 3242
1849 3240
1350 3238
1688 3236
79 3234
1722 3232
1906 3230
512 3228
1695 3226
141 3224
2201 3222
650 3220
743 3218
452 3216
2857 3214
2748 3212
2021 3210
2048 3208
829 3206
401 3204
1300 3202
2849 3200
2750 3198
2632 3196
2989 3194
285 3192
1675 3190
2709 3188
391 3186
3056 3184
613 3182
1665 3180
3133 3178
670 3176
514 3174
205 3172
1236 3170
3094 3168
1206 3166
1658 3164
2042 3162
1574 3160
2344 3158
2536 3156
1172 3154
1708 3152
1255 3150
2033 3148
1052 3146
2603 3144
2462 3142
3131 3140
2804 3138
625 3136
1247 3134
543 3132
2573 3130
3106 3128
655 3126
381 3124
2244 3122
2331 3120
1740 3118
1220 3116
545 3114
976 3112
1348 3110
2785 3108
516 3106
405 3104
659 3102
2622 3100
2995 3098
2494 3096
390 3094
1557 3092
2619 3090
2099 3088
1202 3086
2045 3084
2775 3082
685 3080
2322 3078
2442 3076
1693 3074
2944 3072
631 3070
970 3068
227 3066
1135 3064
416 3062
1074 3060
1342 3058
2439 3056
1398 3054
2324 3052
992 3050
439 3048
1844 3046
183 3044
2491 3042
825 3040
1689 3038
1854 3036
1890 3034
470 3032
2500 3030
154 3028
253 3026
2435 3024
188 3022
250 3020
1510 3018
2303 3016
801 3014
1921 3012
520 3010
434 3008
357 3006
2783 3004
657 3002
875 3000
1360 2998
1427 2996
1960 2994
39 2992
99 2990
1628 2988
1621 2986
222 2984
724 2982
536 2980
2125 2978
1477 2976
676 2974
2078 2972
2867 2970
720 2968
872 2966
990 2964
2798 2962
1971 2960
638 2958
102 2956
1510 2954
1884 2952
305 2950
2513 2948
1758 2946
1005 2944
1081 2942
2131 2940
2128 2938
1690 2936
2828 2934
38 2932
1762 2930
1663 2928
102 2926
2441 2924
1238 2922
200 2920
506 2918
903 2916
2398 2914
468 2912
1749 2910
2111 2908
459 2906
2480 2904
1604 2902
1707 2900
12 2898
2181 2896
840 2894
2299 2892
463 2890
2350 2888
245 2886
2631 2884
2872 2882
25 2880
1190 2878
1367 2876
1448 2874
1117 2872
978 2870
2504 2868
1770 2866
1955 2864
2137 2862
2399 2860
1340 2858
1633 2856
757 2854
468 2852
1298 2850
1681 2848
870 2846
157 2844
52 2842
2696 2840
1766 2838
608 2836
1072 2834
2002 2832
546 2830
1329 2828
500 2826
846 2824
1697 2822
1905 2820
616 2818
2586 2816
76 2814
2776 2812
757 2810
1746 2808
574 2806
2378 2804
608 2802
936 2800
894 2798
1849 2796
985 2794
2044 2792
1160 2790
2729 2788
1436 2786
98 2784
2041 2782
746 2780
1987 2778
1200 2776
2658 2774
1778 2772
1512 2770
1531 2768
1073 2766
792 2764
286 2762
1120 2760
1829 2758
2199 2756
1115 2754
2607 2752
2430 2750
812 2748
45 2746
1245 2744
1737 2742
1392 2740
473 2738
2214 2736
1324 2734
1074 2732
1787 2730
27 2728
2275 2726
2026 2724
85 2722
954 2720
2440 2718
215 2716
1207 2714
622 2712
1004 2710
84 2708
2615 2706
617 2704
1406 2702
753 2700
1433 2698
477 2696
405 2694
1537 2692
728 2690
562 2688
1093 2686
519 2684
775 2682
841 2680
518 2678
366 2676
1758 2674
2664 2672
362 2670
398 2668
132 2666
1948 2664
883 2662
1427 2660
555 2658
2425 2656
1442 2654
870 2652
2229 2650
2199 2648
2194 2646
2209 2644
429 2642
409 2640
1621 2638
249 2636
2407 2634
1963 2632
1649 2630
2079 2628
89 2626
14 2624
971 2622
2541 2620
1092 2618
1167 2616
1486 2614
1609 2612
228 2610
2231 2608
2277 2606
667 2604
348 2602
2006 2600
1965 2598
861 2596
2563 2594
2410 2592
2204 2590
809 2588
834 2586
1979 2584
22 2582
2399 2580
1554 2578
1526 2576
1506 2574
2437 2572
356 2570
2212 2568
1962 2566
1880 2564
1733 2562
498 2560
2354 2558
1861 2556
2170 2554
1948 2552
162 2550
1313 2548
1846 2546
2012 2544
732 2542
2313 2540
1444 2538
780 2536
2116 2534
1580 2532
2220 2530
2014 2528
1142 2526
1352 2524
185 2522
1471 2520
1104 2518
675 2516
226 2514
991 2512
543 2510
84 2508
2000 2506
284 2504
763 2502
1839 2500
570 2498
651 2496
327 2494
733 2492
660 2490
889 2488
2213 2486
1191 2484
328 2482
1557 2480
1350 2478
1581 2476
2392 2474
2184 2472
2186 2470
1760 2468
2134 2466
2183 2464
484 2462
1325 2460
1209 2458
1654 2456
1193 2454
2421 2452
2126 2450
909 2448
42 2446
2418 2444
833 2442
1617 2440
822 2438
1941 2436
2129 2434
1832 2432
1598 2430
840 2428
1091 2426
420 2424
1245 2422
292 2420
1792 2418
2015 2416
16 2414
1473 2412
473 2410
995 2408
229 2406
491 2404
536 2402
79 2400
683 2398
2297 2396
1588 2394
903 2392
50 2390
2229 2388
193 2386
1872 2384
812 2382
1310 2380
1219 2378
432 2376
1811 2374
563 2372
910 2370
1426 2368
1096 2366
1095 2364
373 2362
2001 2360
778 2358
2324 2356
946 2354
864 2352
2248 2350
2144 2348
2026 2346
283 2344
791 2342
43 2340
1268 2338
1218 2336
1344 2334
148 2332
1345 2330
131 2328
1936 2326
1462 2324
2096 2322
34 2320
1110 2318
1011 2316
340 2314
233 2312
1615 2310
107 2308
1430 2306
2039 2304
1607 2302
414 2300
1744 2298
484 2296
2159 2294
70 2292
1681 2290
968 2288
1581 2286
602 2284
359 2282
730 2280
657 2278
2081 2276
1184 2274
2263 2272
1414 2270
662 2268
1477 2266
348 2264
477 2262
202 2260
87 2258
1612 2256
48 2254
1221 2252
2163 2250
722 2248
1068 2246
1916 2244
1174 2242
1059 2240
74 2238
1117 2236
1174 2234
245 2232
1887 2230
342 2228
70 2226
740 2224
1844 2222
314 2220
620 2218
244 2216
390 2214
714 2212
56 2210
663 2208
440 2206
1245 2204
314 2202
984 2200
1891 2198
178 2196
1442 2194
2034 2192
804 2190
302 2188
1905 2186
516 2184
1832 2182
645 2180
1838 2178
506 2176
1569 2174
810 2172
552 2170
2143 2168
653 2166
1247 2164
956 2162
541 2160
1738 2158
1985 2156
537 2154
1789 2152
87 2150
241 2148
2051 2146
1891 2144
938 2142
718 2140
1639 2138
1187 2136
590 2134
612 2132
0 2130
1254 2128
1369 2126
542 2124
28 2122
1482 2120
1961 2118
1843 2116
45 2114
1900 2112
1545 2110
1708 2108
812 2106
1054 2104
1754 2102
368 2100
59 2098
167 2096
1818 2094
1530 2092
456 2090
1977 2088
1833 2086
1870 2084
1148 2082
1743 2080
679 2078
984 2076
1477 2074
1376 2072
137 2070
169 2068
752 2066
1801 2064
621 2062
419 2060
1249 2058
1208 2056
107 2054
153 2052
1451 2050
1393 2048
1930 2046
1396 2044
1297 2042
379 2040
1227 2038
208 2036
1651 2034
513 2032
1153 2030
1945 2028
398 2026
114 2024
1013 2022
9 2020
456 2018
1770 2016
584 2014
1669 2012
1001 2010
1202 2008
1108 2006
12 2004
1508 2002
293 2000
1969 1998
1474 1996
938 1994
75 1992
1652 1990
844 1988
1675 1986
1024 1984
1559 1982
1577 1980
69 1978
133 1976
1503 1974
512 1972
1554 1970
420 1968
728 1966
1922 1964
155 1962
905 1960
1288 1958
592 1956
1683 1954
1872 1952
114 1950
430 1948
522 1946
189 1944
1038 1942
271 1940
404 1938
398 1936
845 1934
731 1932
1636 1930
1114 1928
38 1926
1182 1924
1887 1922
1792 1920
222 1918
1392 1916
511 1914
893 1912
173 1910
1692 1908
1160 1906
1745 1904
1610 1902
802 1900
195 1898
672 1896
1703 1894
1091 1892
404 1890
666 1888
109 1886
1120 1884
1730 1882
1444 1880
1343 1878
95 1876
1217 1874
1301 1872
1031 1870
1017 1868
69 1866
1521 1864
1001 1862
1162 1860
816 1858
380 1856
1317 1854
651 1852
1125 1850
1568 1848
1215 1846
328 1844
1209 1842
263 1840
902 1838
754 1836
47 1834
1572 1832
1378 1830
229 1828
1557 1826
366 1824
1684 1822
920 1820
1796 1818
134 1816
1735 1814
383 1812
1164 1810
1594 1808
343 1806
1116 1804
1657 1802
1783 1800
274 1798
705 1796
1431 1794
770 1792
947 1790
734 1788
1037 1786
1324 1784
92 1782
1701 1780
995 1778
971 1776
585 1774
118 1772
1661 1770
1561 1768
400 1766
634 1764
785 1762
279 1760
1039 1758
624 1756
598 1754
530 1752
210 1750
1046 1748
1109 1746
1005 1744
213 1742
972 1740
1248 1738
3 1736
370 1734
68 1732
674 1730
1649 1728
1480 1726
1099 1724
496 1722
86 1720
184 1718
935 1716
843 1714
27 1712
271 1710
99 1708
524 1706
1155 1704
77 1702
1047 1700
672 1698
625 1696
1437 1694
1461 1692
837 1690
29 1688
607 1686
1678 1684
433 1682
1198 1680
1152 1678
1112 1676
808 1674
119 1672
193 1670
1581 1668
891 1666
1080 1664
235 1662
606 1660
1090 1658
80 1656
893 1654
287 1652
287 1650
984 1648
505 1646
1192 1644
467 1642
1114 1640
1351 1638
1233 1636
1574 1634
580 1632
1387 1630
178 1628
1355 1626
634 1624
710 1622
184 1620
58 1618
815 1616
906 1614
527 1612
1521 1610
590 1608
965 1606
399 1604
300 1602
516 1600
257 1598
1554 1596
464 1594
593 1592
1161 1590
624 1588
536 1586
866 1584
1535 1582
301 1580
955 1578
1167 1576
825 1574
728 1572
796 1570
174 1568
370 1566
310 1564
1016 1562
411 1560
50 1558
1480 1556
397 1554
989 1552
25 1550
1116 1548
141 1546
67 1544
229 1542
122 1540
447 1538
524 1536
337 1534
289 1532
158 1530
919 1528
1415 1526
954 1524
1009 1522
606 1520
483 1518
795 1516
946 1514
889 1512
135 1510
1221 1508
1296 1506
1101 1504
967 1502
669 1500
668 1498
773 1496
1130 1494
284 1492
1200 1490
1184 1488
578 1486
1237 1484
1290 1482
1396 1480
816 1478
210 1476
1316 1474
1402 1472
1313 1470
775 1468
855 1466
572 1464
812 1462
257 1460
488 1458
695 1456
39 1454
1214 1452
283 1450
948 1448
846 1446
1274 1444
1045 1442
1226 1440
1285 1438
316 1436
928 1434
338 1432
1380 1430
1018 1428
277 1426
655 1424
481 1422
28 1420
439 1418
752 1416
650 1414
899 1412
678 1410
804 1408
513 1406
596 1404
87 1402
89 1400
88 1398
567 1396
56 1394
703 1392
1306 1390
1195 1388
713 1386
972 1384
1263 1382
578 1380
657 1378
191 1376
484 1374
58 1372
342 1370
148 1368
1211 1366
619 1364
642 1362
173 1360
769 1358
14 1356
801 1354
948 1352
1055 1350
568 1348
1246 1346
468 1344
1084 1342
888 1340
264 1338
888 1336
966 1334
750 1332
871 1330
1186 1328
90 1326
552 1324
291 1322
225 1320
370 1318
649 1316
868 1314
1161 1312
856 1310
1211 1308
1145 1306
758 1304
1061 1302
938 1300
850 1298
783 1296
643 1294
441 1292
222 1290
119 1288
337 1286
457 1284
971 1282
523 1280
110 1278
1027 1276
537 1274
331 1272
755 1270
764 1268
974 1266
207 1264
589 1262
196 1260
587 1258
937 1256
1140 1254
494 1252
31 1250
43 1248
762 1246
1138 1244
917 1242
1091 1240
977 1238
1140 1236
342 1234
527 1232
492 1230
125 1228
971 1226
703 1224
1163 1222
801 1220
979 1218
715 1216
331 1214
998 1212
393 1210
893 1208
398 1206
306 1204
530 1202
241 1200
226 1198
690 1196
360 1194
756 1192
967 1190
818 1188
1158 1186
1079 1184
1008 1182
905 1180
369 1178
1164 1176
5 1174
1076 1172
342 1170
284 1168
0 1166
786 1164
509 1162
308 1160
939 1158
1086 1156
154 1154
432 1152
726 1150
760 1148
264 1146
247 1144
623 1142
650 1140
160 1138
86 1136
862 1134
255 1132
356 1130
995 1128
163 1126
176 1124
962 1122
955 1120
544 1118
761 1116
321 1114
630 1112
98 1110
209 1108
893 1106
1028 1104
437 1102
308 1100
761 1098
863 1096
443 1094
233 1092
90 1090
1025 1088
608 1086
166 1084
6 1082
280 1080
932 1078
698 1076
869 1074
362 1072
104 1070
269 1068
360 1066
760 1064
611 1062
241 1060
957 1058
182 1056
962 1054
650 1052
168 1050
163 1048
929 1046
904 1044
165 1042
254 1040
368 1038
112 1036
887 1034
1031 1032
991 1030
106 1028
527 1026
856 1024
577 1022
656 1020
338 1018
1003 1016
324 1014
803 1012
106 1010
538 1008
159 1006
892 1004
929 1002
805 1000
727 998
375 996
570 994
115 992
92 990
410 988
277 986
484 984
386 982
632 980
701 978
413 976
446 974
481 972
420 970
756 968
519 966
204 964
460 962
710 960
526 958
257 956
92 954
525 952
915 950
650 948
441 946
872 944
352 942
191 940
916 938
674 936
828 934
297 932
307 930
36 928
733 926
675 924
543 922
624 920
456 918
118 916
196 914
816 912
896 910
850 908
38 906
220 904
170 902
640 900
292 898
772 896
545 894
790 892
877 890
148 888
45 886
779 884
366 882
191 880
1 878
346 876
528 874
245 872
444 870
784 868
822 866
135 864
436 862
207 860
163 858
89 856
845 854
532 852
367 850
620 848
101 846
641 844
86 842
256 840
495 838
86 836
221 834
358 832
693 830
407 828
536 826
782 824
207 822
351 820
496 818
236 816
207 814
197 812
118 810
360 808
415 806
551 804
108 802
423 800
404 798
789 796
117 794
155 792
342 790
141 788
384 786
713 784
261 782
773 780
315 778
618 776
444 774
281 772
662 770
43 768
202 766
422 764
259 762
653 760
403 758
300 756
93 754
146 752
506 750
468 748
231 746
541 744
451 742
220 740
404 738
426 736
670 734
420 732
319 730
534 728
722 726
195 724
471 722
236 720
383 718
345 716
509 714
259 712
625 710
674 708
60 706
89 704
377 702
355 700
630 698
662 696
416 694
102 692
476 690
172 688
5 686
26 684
411 682
437 680
578 678
576 676
442 674
417 672
606 670
647 668
47 666
211 664
231 662
421 660
190 658
526 656
509 654
539 652
390 650
229 648
253 646
280 644
197 642
520 640
426 638
581 636
96 634
608 632
629 630
148 628
46 626
428 624
563 622
508 620
392 618
242 616
278 614
16 612
289 610
585 608
482 606
484 604
18 602
177 600
557 598
227 596
330 594
129 592
188 590
25 588
312 586
226 584
554 582
197 580
532 578
306 576
344 574
236 572
210 570
183 568
366 566
274 564
293 562
456 560
495 558
174 556
267 554
469 552
502 550
161 548
306 546
229 544
342 542
484 540
28 538
394 536
70 534
115 532
344 530
12 528
30 526
221 524
434 522
198 520
71 518
166 516
199 514
472 512
488 510
335 508
171 506
61 504
183 502
225 500
23 498
152 496
483 494
355 492
117 490
382 488
199 486
191 484
450 482
458 480
66 478
153 476
445 474
466 472
13 470
436 468
258 466
205 464
421 462
172 460
34 458
166 456
397 454
148 452
449 450
181 448
39 446
299 444
360 442
40 440
191 438
284 436
55 434
195 432
352 430
372 428
77 426
401 424
59 422
131 420
244 418
143 416
199 414
199 412
374 410
219 408
22 406
55 404
144 402
251 400
111 398
1 396
76 394
103 392
144 390
88 388
365 386
126 384
87 382
6 380
366 378
368 376
148 374
29 372
83 370
171 368
231 366
243 364
45 362
315 360
252 358
201 356
302 354
106 352
113 350
88 348
220 346
318 344
30 342
198 340
84 338
212 336
215 334
53 332
233 330
38 328
78 326
135 324
273 322
8 320
203 318
39 316
4 314
193 312
250 310
137 308
23 306
34 304
277 302
164 300
98 298
176 296
10 294
73 292
4 290
242 288
205 286
186 284
113 282
150 280
3 278
145 276
25 274
4 272
122 270
155 268
112 266
239 264
257 262
186 260
80 258
52 256
127 254
203 252
143 250
160 248
83 246
27 244
12 242
70 240
191 238
35 236
71 234
55 232
73 230
58 228
188 226
64 224
26 222
0 220
196 218
189 216
110 214
141 212
116 210
77 208
119 206
142 204
139 202
24 200
68 198
55 196
58 194
145 192
179 190
139 188
143 186
148 184
39 182
88 180
13 178
159 176
91 174
126 172
92 170
59 168
68 166
13 164
142 162
102 160
129 158
10 156
127 154
98 152
0 150
120 148
73 146
6 144
6 142
41 140
132 138
119 136
88 134
21 132
123 130
82 128
36 126
95 124
27 122
83 120
106 118
58 116
91 114
19 112
68 110
17 108
52 106
27 104
55 102
50 100
32 98
49 96
31 94
3 92
81 90
42 88
39 86
35 84
75 82
15 80
70 78
1 76
38 74
2 72
26 70
5 68
47 66
7 64
50 62
26 60
41 58
34 56
10 54
41 52
48 50
19 48
24 46
41 44
7 42
15 40
27 38
23 36
29 34
27 32
14 30
20 28
23 26
9 24
18 22
17 20
16 18
3 16
13 14
10 12
1 10
3 8
3 6
3 4
1 2
