164 180
131 178
165 176
149 174
111 172
111 170
161 168
57 166
147 164
56 162
65 160
135 158
99 156
40 154
86 152
56 150
113 148
10 146
106 144
113 142
67 140
15 138
10 136
49 134
86 132
105 130
56 128
53 126
76 124
118 122
86 120
62 118
104 116
42 114
95 112
60 110
63 108
9 106
52 104
93 102
83 100
85 98
40 96
65 94
6 92
26 90
60 88
47 86
3 84
16 82
16 80
29 78
14 76
8 74
12 72
3 70
46 68
22 66
9 64
58 62
55 60
14 58
39 56
41 54
4 52
49 50
6 48
18 46
38 44
17 42
32 40
18 38
21 36
24 34
12 32
0 30
14 28
20 26
0 24
4 22
17 20
14 18
9 16
3 14
8 12
3 10
3 8
2 6
1 4
1 2
