1513 18000
13754 17998
10993 17996
11178 17994
17004 17992
14306 17990
12155 17988
17125 17986
16816 17984
11847 17982
4433 17980
1666 17978
16644 17976
5140 17974
17933 17972
16594 17970
12362 17968
11641 17966
3350 17964
2811 17962
11345 17960
6715 17958
1713 17956
95 17954
15132 17952
15982 17950
3852 17948
4500 17946
17676 17944
15271 17942
34 17940
13041 17938
6630 17936
15618 17934
11570 17932
12985 17930
6546 17928
7593 17926
13842 17924
14314 17922
7913 17920
3604 17918
11261 17916
11915 17914
12128 17912
3455 17910
8989 17908
15152 17906
4398 17904
13961 17902
15313 17900
11839 17898
16712 17896
13183 17894
2354 17892
15835 17890
14032 17888
12477 17886
5465 17884
6637 17882
17331 17880
16366 17878
1971 17876
7390 17874
9150 17872
1200 17870
16826 17868
9611 17866
16442 17864
340 17862
8626 17860
2956 17858
6081 17856
16679 17854
11420 17852
5746 17850
2278 17848
7356 17846
1373 17844
10587 17842
5174 17840
5127 17838
7479 17836
5014 17834
435 17832
4924 17830
13913 17828
10102 17826
11333 17824
4960 17822
157 17820
15383 17818
13363 17816
8369 17814
5038 17812
14249 17810
15787 17808
9300 17806
10611 17804
2374 17802
16367 17800
5230 17798
14339 17796
13994 17794
2708 17792
14670 17790
15905 17788
1863 17786
10812 17784
10540 17782
5509 17780
4346 17778
17093 17776
10083 17774
2163 17772
5242 17770
2037 17768
1790 17766
12606 17764
6308 17762
16420 17760
6711 17758
8017 17756
13559 17754
2175 17752
246 17750
7258 17748
15824 17746
10684 17744
13239 17742
9446 17740
5558 17738
7096 17736
9398 17734
2774 17732
9049 17730
4945 17728
8426 17726
14577 17724
10927 17722
10475 17720
6950 17718
14930 17716
2431 17714
3195 17712
10235 17710
13624 17708
8191 17706
15197 17704
7553 17702
15047 17700
1858 17698
13408 17696
9393 17694
14351 17692
942 17690
2160 17688
12661 17686
3020 17684
12177 17682
12071 17680
7235 17678
10612 17676
13045 17674
16807 17672
17553 17670
1669 17668
28 17666
7011 17664
326 17662
12238 17660
1208 17658
4633 17656
1853 17654
10804 17652
196 17650
14882 17648
369 17646
2735 17644
5517 17642
14946 17640
8112 17638
2567 17636
4461 17634
10336 17632
3599 17630
4550 17628
8384 17626
2322 17624
12570 17622
8875 17620
16154 17618
11258 17616
1058 17614
13696 17612
17482 17610
6456 17608
1715 17606
3343 17604
2723 17602
9540 17600
10520 17598
282 17596
901 17594
8610 17592
10974 17590
14481 17588
4971 17586
11469 17584
731 17582
8217 17580
5299 17578
6781 17576
1747 17574
6451 17572
1656 17570
15861 17568
9367 17566
10713 17564
17092 17562
8198 17560
1206 17558
7502 17556
5214 17554
8440 17552
11971 17550
4254 17548
12433 17546
7343 17544
9507 17542
358 17540
6410 17538
7561 17536
12878 17534
11166 17532
1722 17530
163 17528
10135 17526
14122 17524
6629 17522
5302 17520
12471 17518
1161 17516
6194 17514
3797 17512
5204 17510
12362 17508
8375 17506
15539 17504
325 17502
9050 17500
6085 17498
3674 17496
10112 17494
13016 17492
6260 17490
723 17488
4051 17486
8125 17484
4911 17482
8003 17480
6827 17478
6245 17476
7774 17474
10575 17472
10429 17470
3611 17468
12789 17466
16611 17464
12128 17462
16939 17460
17261 17458
3631 17456
12408 17454
8200 17452
5767 17450
9338 17448
10254 17446
6202 17444
7458 17442
13098 17440
12471 17438
15885 17436
17202 17434
12909 17432
11331 17430
3275 17428
1762 17426
15325 17424
3194 17422
10473 17420
8641 17418
1839 17416
6342 17414
10580 17412
10272 17410
6694 17408
14199 17406
4577 17404
13843 17402
6942 17400
3466 17398
10226 17396
17190 17394
197 17392
11356 17390
4826 17388
5304 17386
11427 17384
5874 17382
210 17380
8439 17378
1438 17376
904 17374
11541 17372
10447 17370
1597 17368
9087 17366
7120 17364
15499 17362
10781 17360
4779 17358
16398 17356
6068 17354
6700 17352
12347 17350
5436 17348
16576 17346
13800 17344
16884 17342
12818 17340
16279 17338
16240 17336
3788 17334
15187 17332
509 17330
2739 17328
14274 17326
14779 17324
1322 17322
14473 17320
8564 17318
14501 17316
16873 17314
9029 17312
3889 17310
16947 17308
2282 17306
8448 17304
3268 17302
11062 17300
1924 17298
13517 17296
8602 17294
16602 17292
7934 17290
8311 17288
12819 17286
6795 17284
15674 17282
11183 17280
11572 17278
2068 17276
741 17274
3563 17272
17266 17270
12159 17268
6410 17266
233 17264
11372 17262
4184 17260
11711 17258
5647 17256
7619 17254
2207 17252
13266 17250
14035 17248
10225 17246
9806 17244
192 17242
12518 17240
13826 17238
2003 17236
12934 17234
2646 17232
14999 17230
14072 17228
7310 17226
12201 17224
12087 17222
11240 17220
14728 17218
8289 17216
15791 17214
1081 17212
10260 17210
4150 17208
1400 17206
10676 17204
9891 17202
14879 17200
4470 17198
9784 17196
6572 17194
15109 17192
2852 17190
1913 17188
8747 17186
10765 17184
12623 17182
2030 17180
13569 17178
16391 17176
8258 17174
15434 17172
14501 17170
14141 17168
11376 17166
10864 17164
5759 17162
10991 17160
5797 17158
4465 17156
4267 17154
10679 17152
4732 17150
4752 17148
14354 17146
6631 17144
8190 17142
5971 17140
1294 17138
11107 17136
7081 17134
9014 17132
10338 17130
1214 17128
15518 17126
4121 17124
10929 17122
3761 17120
13348 17118
8905 17116
6667 17114
4365 17112
13888 17110
16392 17108
16422 17106
15083 17104
7494 17102
17074 17100
13799 17098
1361 17096
14209 17094
814 17092
6462 17090
7272 17088
11752 17086
3302 17084
9130 17082
9063 17080
12525 17078
3126 17076
13575 17074
17060 17072
4173 17070
3799 17068
7392 17066
17031 17064
103 17062
1657 17060
7537 17058
3290 17056
2107 17054
14726 17052
8149 17050
8971 17048
15619 17046
16077 17044
1294 17042
3070 17040
14092 17038
13042 17036
9601 17034
970 17032
6399 17030
101 17028
12736 17026
617 17024
6384 17022
16247 17020
7428 17018
5391 17016
11873 17014
5010 17012
6689 17010
15791 17008
15815 17006
13923 17004
8665 17002
5695 17000
92 16998
2476 16996
7749 16994
4235 16992
1422 16990
3587 16988
14248 16986
5056 16984
15120 16982
15078 16980
7670 16978
2164 16976
15718 16974
13772 16972
750 16970
15266 16968
5735 16966
7710 16964
1799 16962
6779 16960
9165 16958
735 16956
12992 16954
1284 16952
2956 16950
8846 16948
572 16946
9862 16944
9799 16942
5938 16940
13476 16938
12474 16936
15628 16934
2140 16932
12755 16930
10524 16928
3360 16926
6413 16924
12206 16922
4385 16920
16817 16918
7301 16916
15945 16914
2235 16912
7873 16910
780 16908
9804 16906
16862 16904
53 16902
1599 16900
9839 16898
296 16896
16364 16894
6061 16892
2177 16890
9353 16888
2950 16886
10266 16884
14227 16882
13636 16880
1256 16878
1120 16876
623 16874
8363 16872
8735 16870
12887 16868
11772 16866
4544 16864
5647 16862
3802 16860
16397 16858
7847 16856
8959 16854
7076 16852
10046 16850
677 16848
12871 16846
8483 16844
13808 16842
2405 16840
14751 16838
5214 16836
11860 16834
15781 16832
11607 16830
10155 16828
14375 16826
1471 16824
675 16822
2853 16820
5478 16818
9889 16816
10960 16814
6996 16812
1946 16810
664 16808
1451 16806
14091 16804
1594 16802
2451 16800
8887 16798
3512 16796
8041 16794
7511 16792
15215 16790
14554 16788
11693 16786
14746 16784
9860 16782
3383 16780
1146 16778
2876 16776
8316 16774
7499 16772
10664 16770
6778 16768
6621 16766
3455 16764
14857 16762
13029 16760
5388 16758
4013 16756
7727 16754
6053 16752
10320 16750
4419 16748
9940 16746
1205 16744
4700 16742
211 16740
6434 16738
5285 16736
1910 16734
14851 16732
15679 16730
10683 16728
14957 16726
13111 16724
6147 16722
10957 16720
9996 16718
6652 16716
9848 16714
11416 16712
191 16710
7906 16708
6239 16706
13790 16704
12149 16702
1312 16700
15366 16698
13206 16696
13145 16694
1215 16692
6182 16690
5265 16688
11276 16686
11193 16684
16119 16682
12395 16680
3286 16678
2757 16676
8262 16674
10461 16672
953 16670
5747 16668
6427 16666
8214 16664
545 16662
16447 16660
1044 16658
3382 16656
8307 16654
12977 16652
15415 16650
11194 16648
6100 16646
930 16644
4241 16642
13377 16640
6620 16638
15814 16636
10876 16634
6929 16632
9285 16630
14209 16628
1618 16626
8147 16624
9923 16622
14354 16620
3291 16618
2497 16616
5320 16614
7348 16612
12539 16610
11036 16608
15601 16606
510 16604
9223 16602
2121 16600
15236 16598
10077 16596
4053 16594
8062 16592
11131 16590
1472 16588
11135 16586
4828 16584
13423 16582
15047 16580
13777 16578
901 16576
7153 16574
12520 16572
11460 16570
15182 16568
5190 16566
8090 16564
924 16562
13580 16560
13602 16558
8761 16556
8476 16554
11067 16552
3817 16550
1865 16548
7464 16546
15227 16544
15611 16542
8182 16540
4528 16538
3144 16536
1757 16534
16188 16532
9611 16530
7219 16528
520 16526
12438 16524
1561 16522
10107 16520
11412 16518
13469 16516
12499 16514
13687 16512
5375 16510
7114 16508
8637 16506
11532 16504
467 16502
15201 16500
15053 16498
15200 16496
12543 16494
4706 16492
13441 16490
12093 16488
7611 16486
3049 16484
13821 16482
1647 16480
5208 16478
13483 16476
7858 16474
13617 16472
11309 16470
14474 16468
8752 16466
7240 16464
9713 16462
4319 16460
7543 16458
10621 16456
7128 16454
8461 16452
5473 16450
11166 16448
6544 16446
15279 16444
10083 16442
7309 16440
9542 16438
12717 16436
32 16434
10014 16432
5932 16430
5992 16428
15174 16426
9037 16424
16185 16422
4320 16420
11216 16418
14565 16416
10404 16414
8547 16412
13078 16410
8004 16408
1283 16406
7485 16404
15125 16402
404 16400
12451 16398
12040 16396
680 16394
14607 16392
8428 16390
10450 16388
15711 16386
10984 16384
347 16382
2241 16380
16292 16378
7226 16376
121 16374
5723 16372
7599 16370
10708 16368
11989 16366
1582 16364
1539 16362
9752 16360
1697 16358
5675 16356
2039 16354
2412 16352
6314 16350
8562 16348
6548 16346
10469 16344
14696 16342
8050 16340
5854 16338
14131 16336
13891 16334
9821 16332
6135 16330
3290 16328
11137 16326
8747 16324
13290 16322
12112 16320
5444 16318
5363 16316
10400 16314
6985 16312
1106 16310
10354 16308
14170 16306
13904 16304
11866 16302
8983 16300
2898 16298
3096 16296
1372 16294
7260 16292
7538 16290
10015 16288
9333 16286
4252 16284
2720 16282
15913 16280
6619 16278
6320 16276
9876 16274
8122 16272
12710 16270
4928 16268
11829 16266
7286 16264
4109 16262
6348 16260
2904 16258
5336 16256
9021 16254
2594 16252
9541 16250
4080 16248
10703 16246
1990 16244
11660 16242
12797 16240
16217 16238
3364 16236
6546 16234
7896 16232
9987 16230
12114 16228
14112 16226
9460 16224
4179 16222
7186 16220
15857 16218
13909 16216
11072 16214
5687 16212
14665 16210
9594 16208
14392 16206
2403 16204
3219 16202
8338 16200
8498 16198
8060 16196
201 16194
6463 16192
877 16190
10352 16188
488 16186
2849 16184
1628 16182
14257 16180
12498 16178
3516 16176
835 16174
10767 16172
2200 16170
14384 16168
5232 16166
10941 16164
12203 16162
8429 16160
6655 16158
9422 16156
13 16154
1406 16152
4553 16150
15343 16148
4220 16146
14334 16144
11694 16142
14096 16140
1736 16138
6516 16136
15960 16134
4017 16132
747 16130
1061 16128
4291 16126
12098 16124
15649 16122
5326 16120
12297 16118
12237 16116
717 16114
2744 16112
6629 16110
5327 16108
15032 16106
13678 16104
12442 16102
4669 16100
11230 16098
3308 16096
13048 16094
15039 16092
12382 16090
14253 16088
5901 16086
4574 16084
179 16082
6645 16080
1656 16078
4018 16076
15590 16074
9220 16072
7107 16070
1011 16068
8256 16066
5127 16064
7593 16062
15714 16060
15842 16058
14040 16056
4256 16054
11012 16052
110 16050
8375 16048
2376 16046
12780 16044
4998 16042
14617 16040
8732 16038
15499 16036
1239 16034
7166 16032
8987 16030
6960 16028
13452 16026
9273 16024
292 16022
395 16020
11863 16018
10980 16016
5750 16014
3645 16012
14440 16010
6203 16008
11116 16006
15140 16004
4337 16002
417 16000
7177 15998
9682 15996
1150 15994
15141 15992
2301 15990
3851 15988
6799 15986
13068 15984
10829 15982
7810 15980
10865 15978
4201 15976
8992 15974
6110 15972
9098 15970
14489 15968
4802 15966
690 15964
11328 15962
13753 15960
8942 15958
4279 15956
1080 15954
7185 15952
8580 15950
6560 15948
8374 15946
15157 15944
8179 15942
11116 15940
4991 15938
12752 15936
5616 15934
11097 15932
9218 15930
10622 15928
1264 15926
4352 15924
8964 15922
1808 15920
13622 15918
7629 15916
9924 15914
2841 15912
5856 15910
3959 15908
4030 15906
8532 15904
8010 15902
8146 15900
14031 15898
10232 15896
4722 15894
5265 15892
13722 15890
11764 15888
14049 15886
615 15884
10929 15882
2351 15880
10904 15878
3398 15876
13075 15874
3354 15872
2685 15870
6611 15868
14637 15866
12953 15864
5916 15862
13381 15860
512 15858
14316 15856
6937 15854
6126 15852
13305 15850
2994 15848
1869 15846
11261 15844
6622 15842
548 15840
5373 15838
2753 15836
4352 15834
15484 15832
1383 15830
5052 15828
10075 15826
8129 15824
10945 15822
11491 15820
9763 15818
10844 15816
8460 15814
11545 15812
11642 15810
11082 15808
7951 15806
8755 15804
629 15802
3468 15800
7880 15798
9512 15796
3315 15794
12445 15792
6917 15790
12777 15788
14289 15786
15088 15784
9174 15782
5218 15780
8016 15778
12635 15776
1900 15774
2222 15772
4873 15770
14487 15768
13283 15766
15584 15764
13642 15762
6933 15760
15322 15758
4927 15756
14894 15754
3477 15752
9450 15750
15520 15748
12835 15746
3628 15744
5299 15742
4991 15740
8561 15738
8774 15736
2026 15734
6960 15732
12106 15730
10037 15728
12614 15726
9144 15724
11452 15722
1576 15720
10624 15718
13389 15716
8770 15714
7308 15712
14398 15710
3930 15708
1190 15706
5933 15704
2971 15702
15445 15700
5838 15698
7233 15696
3978 15694
10425 15692
3420 15690
11967 15688
11970 15686
5485 15684
3524 15682
9830 15680
10214 15678
3415 15676
10623 15674
7807 15672
15433 15670
2827 15668
8190 15666
14081 15664
315 15662
5244 15660
638 15658
4822 15656
7156 15654
8340 15652
237 15650
2355 15648
8600 15646
10829 15644
11756 15642
10698 15640
14010 15638
7638 15636
4243 15634
12244 15632
7926 15630
9103 15628
8725 15626
7285 15624
7572 15622
2160 15620
9316 15618
8768 15616
13083 15614
7640 15612
11029 15610
5917 15608
5014 15606
2856 15604
11738 15602
13806 15600
8614 15598
14138 15596
10685 15594
8350 15592
4411 15590
882 15588
8261 15586
11697 15584
1577 15582
5710 15580
10266 15578
7449 15576
6878 15574
5640 15572
5404 15570
14398 15568
4842 15566
4648 15564
7780 15562
10362 15560
9827 15558
15420 15556
15257 15554
9829 15552
9176 15550
2078 15548
3913 15546
10402 15544
8267 15542
1386 15540
1218 15538
7625 15536
94 15534
3117 15532
6630 15530
3986 15528
13309 15526
7431 15524
12204 15522
10830 15520
8731 15518
9232 15516
5257 15514
9901 15512
12731 15510
2440 15508
13570 15506
15376 15504
864 15502
1143 15500
13915 15498
9655 15496
15264 15494
1197 15492
2681 15490
14637 15488
2708 15486
11115 15484
10254 15482
6128 15480
13355 15478
3026 15476
937 15474
14687 15472
1356 15470
7576 15468
10778 15466
8664 15464
10855 15462
7989 15460
6723 15458
9989 15456
8564 15454
2972 15452
7918 15450
204 15448
12591 15446
10262 15444
5391 15442
8433 15440
6299 15438
6413 15436
5150 15434
6241 15432
7593 15430
10685 15428
12476 15426
6325 15424
1150 15422
15163 15420
4936 15418
12679 15416
3701 15414
11249 15412
11370 15410
4368 15408
10425 15406
8262 15404
9335 15402
2283 15400
1321 15398
2619 15396
12495 15394
9287 15392
10825 15390
3903 15388
2489 15386
3095 15384
6906 15382
8230 15380
13215 15378
13586 15376
6559 15374
8118 15372
7494 15370
11547 15368
1864 15366
8274 15364
2647 15362
14898 15360
12998 15358
11181 15356
3094 15354
5281 15352
14408 15350
14270 15348
2999 15346
8265 15344
10695 15342
13415 15340
4735 15338
14564 15336
15131 15334
7084 15332
13066 15330
1926 15328
1725 15326
14143 15324
11716 15322
6615 15320
521 15318
8201 15316
2391 15314
8850 15312
10225 15310
3312 15308
6060 15306
1778 15304
6279 15302
9947 15300
7580 15298
3799 15296
4536 15294
1316 15292
6933 15290
9715 15288
10402 15286
11909 15284
2330 15282
8741 15280
1266 15278
6068 15276
1938 15274
8014 15272
9392 15270
1457 15268
4139 15266
12291 15264
4645 15262
5076 15260
14764 15258
10086 15256
9291 15254
5283 15252
11297 15250
10811 15248
10953 15246
10330 15244
337 15242
14262 15240
1125 15238
12387 15236
2641 15234
7930 15232
9718 15230
13813 15228
14356 15226
14700 15224
12509 15222
2291 15220
4127 15218
4719 15216
6862 15214
14517 15212
11026 15210
8646 15208
159 15206
13664 15204
12472 15202
2002 15200
13002 15198
10319 15196
14062 15194
12789 15192
4395 15190
12774 15188
8641 15186
9175 15184
11405 15182
14975 15180
11598 15178
9012 15176
9331 15174
3893 15172
9430 15170
6197 15168
15131 15166
12922 15164
10090 15162
2188 15160
12161 15158
9475 15156
8972 15154
3439 15152
12816 15150
7852 15148
7389 15146
1726 15144
11369 15142
13041 15140
4762 15138
3020 15136
13693 15134
5996 15132
11394 15130
7761 15128
12552 15126
9538 15124
4900 15122
4952 15120
2408 15118
5235 15116
11880 15114
14464 15112
11461 15110
3277 15108
13346 15106
6236 15104
14846 15102
3965 15100
9260 15098
5258 15096
8603 15094
14503 15092
4946 15090
3745 15088
4130 15086
14397 15084
304 15082
1927 15080
4668 15078
5589 15076
11770 15074
9693 15072
14054 15070
7865 15068
3900 15066
2782 15064
13806 15062
5108 15060
14126 15058
10453 15056
9142 15054
208 15052
10556 15050
2761 15048
13494 15046
12186 15044
590 15042
12123 15040
2244 15038
7270 15036
9267 15034
7701 15032
6637 15030
7001 15028
14964 15026
173 15024
12347 15022
11367 15020
5420 15018
12912 15016
2335 15014
1757 15012
3393 15010
12291 15008
5938 15006
13911 15004
14919 15002
1936 15000
3528 14998
3558 14996
8261 14994
1106 14992
3659 14990
1486 14988
12713 14986
11483 14984
11721 14982
850 14980
12215 14978
12052 14976
3650 14974
5032 14972
3261 14970
11915 14968
9541 14966
352 14964
8346 14962
10660 14960
18 14958
1633 14956
10771 14954
6974 14952
11667 14950
792 14948
5622 14946
8745 14944
13253 14942
11311 14940
14782 14938
12778 14936
6688 14934
1199 14932
6367 14930
3218 14928
14722 14926
4053 14924
10211 14922
5591 14920
6882 14918
3515 14916
11981 14914
14129 14912
12218 14910
3877 14908
347 14906
4239 14904
673 14902
4700 14900
13381 14898
921 14896
13895 14894
14880 14892
13773 14890
11503 14888
10536 14886
1403 14884
11770 14882
6280 14880
10401 14878
10597 14876
14010 14874
12322 14872
8126 14870
9989 14868
13986 14866
12134 14864
7733 14862
4728 14860
7840 14858
12884 14856
4142 14854
11632 14852
13289 14850
5909 14848
1313 14846
11379 14844
2725 14842
5814 14840
7322 14838
10091 14836
12601 14834
2215 14832
11685 14830
1627 14828
2073 14826
7292 14824
7795 14822
781 14820
17 14818
2684 14816
11623 14814
12333 14812
12087 14810
9912 14808
6261 14806
13585 14804
1761 14802
8035 14800
6034 14798
7281 14796
12893 14794
14333 14792
3583 14790
9868 14788
13387 14786
12907 14784
3040 14782
4461 14780
6204 14778
12841 14776
13613 14774
11262 14772
1311 14770
10731 14768
1475 14766
1139 14764
4320 14762
2056 14760
11787 14758
10364 14756
2585 14754
1993 14752
8476 14750
1675 14748
14092 14746
7947 14744
4087 14742
6296 14740
4871 14738
6383 14736
4538 14734
12529 14732
4485 14730
4416 14728
11934 14726
11135 14724
8535 14722
8487 14720
6088 14718
4459 14716
664 14714
4063 14712
12258 14710
5556 14708
10874 14706
11178 14704
4954 14702
5537 14700
9575 14698
3950 14696
10360 14694
266 14692
5861 14690
7462 14688
11890 14686
11018 14684
1617 14682
1341 14680
14044 14678
6761 14676
3053 14674
2089 14672
5117 14670
14046 14668
224 14666
3546 14664
985 14662
10162 14660
12353 14658
1858 14656
2826 14654
5944 14652
13972 14650
2369 14648
13672 14646
14399 14644
6500 14642
12507 14640
9162 14638
9359 14636
1579 14634
13430 14632
4793 14630
3210 14628
3818 14626
1075 14624
8234 14622
7280 14620
13486 14618
13393 14616
12234 14614
7547 14612
8490 14610
11989 14608
10109 14606
13820 14604
12549 14602
11150 14600
11455 14598
11952 14596
3733 14594
4141 14592
10460 14590
7749 14588
10417 14586
10179 14584
13806 14582
12527 14580
9151 14578
10573 14576
7971 14574
1173 14572
3492 14570
2910 14568
2619 14566
10498 14564
1469 14562
14301 14560
9122 14558
791 14556
4519 14554
11489 14552
10309 14550
1126 14548
4721 14546
12818 14544
10796 14542
7120 14540
7223 14538
6596 14536
5271 14534
9415 14532
5602 14530
7551 14528
7327 14526
14515 14524
1870 14522
5473 14520
11812 14518
14490 14516
3698 14514
4490 14512
1418 14510
6875 14508
6243 14506
1538 14504
6405 14502
551 14500
11898 14498
11573 14496
2249 14494
6860 14492
13585 14490
4673 14488
11696 14486
13026 14484
1159 14482
3613 14480
9194 14478
14179 14476
8474 14474
12571 14472
9978 14470
3970 14468
3252 14466
10901 14464
7869 14462
6358 14460
6163 14458
10341 14456
11344 14454
8345 14452
7678 14450
1069 14448
1885 14446
10445 14444
667 14442
11242 14440
938 14438
11522 14436
13194 14434
2443 14432
11670 14430
1090 14428
3084 14426
3837 14424
1537 14422
13775 14420
6705 14418
1087 14416
2179 14414
9482 14412
9851 14410
11286 14408
2856 14406
12352 14404
11725 14402
625 14400
6941 14398
10334 14396
2154 14394
1100 14392
10312 14390
12984 14388
13961 14386
10620 14384
4154 14382
11666 14380
10879 14378
7805 14376
13089 14374
11640 14372
2876 14370
1474 14368
13677 14366
7759 14364
5798 14362
5558 14360
4401 14358
230 14356
8970 14354
9546 14352
4446 14350
4398 14348
196 14346
8154 14344
10749 14342
13206 14340
8874 14338
8533 14336
5235 14334
5179 14332
857 14330
6256 14328
3032 14326
12247 14324
2592 14322
8260 14320
3274 14318
11007 14316
13526 14314
2045 14312
5103 14310
13018 14308
6431 14306
9477 14304
13012 14302
10645 14300
323 14298
1697 14296
1826 14294
11764 14292
4178 14290
12025 14288
13920 14286
10928 14284
8236 14282
7284 14280
3083 14278
11504 14276
5399 14274
5438 14272
7412 14270
3376 14268
12188 14266
3341 14264
3402 14262
5512 14260
863 14258
12973 14256
1047 14254
9159 14252
10164 14250
42 14248
11188 14246
11667 14244
7465 14242
13336 14240
3628 14238
7046 14236
4358 14234
11448 14232
13367 14230
1531 14228
5719 14226
10019 14224
4366 14222
7346 14220
5711 14218
8744 14216
13582 14214
2345 14212
14105 14210
7754 14208
2298 14206
1179 14204
10178 14202
2734 14200
530 14198
2987 14196
12720 14194
10718 14192
7898 14190
13150 14188
13907 14186
5564 14184
14181 14182
1723 14180
8043 14178
3528 14176
3947 14174
12819 14172
6461 14170
5498 14168
12033 14166
3909 14164
1385 14162
11107 14160
11559 14158
12058 14156
11994 14154
12418 14152
10983 14150
12137 14148
9443 14146
13460 14144
9044 14142
5697 14140
2524 14138
1355 14136
466 14134
2687 14132
7128 14130
5590 14128
7957 14126
2909 14124
8932 14122
3960 14120
3364 14118
6930 14116
13184 14114
4194 14112
10483 14110
1912 14108
10659 14106
3724 14104
12919 14102
5938 14100
1769 14098
5416 14096
6386 14094
205 14092
13043 14090
599 14088
13504 14086
8710 14084
2015 14082
7956 14080
2828 14078
11879 14076
7853 14074
7764 14072
2387 14070
399 14068
5890 14066
826 14064
3252 14062
8074 14060
12862 14058
1620 14056
9825 14054
14004 14052
11636 14050
6214 14048
1327 14046
2336 14044
4043 14042
6574 14040
13286 14038
9741 14036
4806 14034
1404 14032
11692 14030
4577 14028
3713 14026
11397 14024
11596 14022
6060 14020
2888 14018
4605 14016
88 14014
10601 14012
10619 14010
9195 14008
7508 14006
13011 14004
12187 14002
10184 14000
1315 13998
12420 13996
3356 13994
6085 13992
13717 13990
8495 13988
7121 13986
9759 13984
8013 13982
4361 13980
5610 13978
5987 13976
10690 13974
6965 13972
7183 13970
4859 13968
10872 13966
2882 13964
12516 13962
6166 13960
6744 13958
10943 13956
12180 13954
5536 13952
4398 13950
13381 13948
10693 13946
13611 13944
4624 13942
13775 13940
9431 13938
5260 13936
7062 13934
7538 13932
7246 13930
13790 13928
11992 13926
2749 13924
6968 13922
864 13920
13461 13918
3493 13916
862 13914
372 13912
7597 13910
1989 13908
12996 13906
1411 13904
4635 13902
6079 13900
358 13898
13621 13896
6554 13894
7049 13892
10702 13890
9897 13888
11685 13886
7024 13884
11092 13882
13105 13880
12232 13878
4512 13876
3351 13874
7156 13872
7788 13870
13513 13868
1324 13866
1986 13864
6922 13862
515 13860
3322 13858
4496 13856
72 13854
193 13852
659 13850
5987 13848
5662 13846
13254 13844
13333 13842
4090 13840
5126 13838
9046 13836
11567 13834
1713 13832
503 13830
1267 13828
10318 13826
7360 13824
10753 13822
4756 13820
12324 13818
3428 13816
8646 13814
4052 13812
9282 13810
3392 13808
5609 13806
5191 13804
6893 13802
9230 13800
4493 13798
891 13796
4584 13794
7324 13792
13565 13790
7345 13788
13304 13786
2185 13784
8243 13782
2628 13780
3970 13778
2424 13776
1491 13774
5524 13772
1696 13770
5153 13768
5731 13766
6782 13764
2871 13762
13093 13760
4750 13758
6757 13756
3952 13754
2516 13752
7126 13750
124 13748
11674 13746
8717 13744
12617 13742
2848 13740
4805 13738
6525 13736
7156 13734
2268 13732
11246 13730
5028 13728
5694 13726
597 13724
1852 13722
6017 13720
966 13718
10413 13716
5007 13714
8875 13712
13150 13710
729 13708
10879 13706
3529 13704
1096 13702
7319 13700
3692 13698
11394 13696
6599 13694
4378 13692
1477 13690
9382 13688
9534 13686
1535 13684
9164 13682
9889 13680
4068 13678
12758 13676
337 13674
7243 13672
6746 13670
2441 13668
2254 13666
10333 13664
5393 13662
3027 13660
8110 13658
2720 13656
2753 13654
7561 13652
1533 13650
4410 13648
3112 13646
2079 13644
8574 13642
8484 13640
632 13638
4020 13636
9263 13634
7883 13632
4575 13630
11235 13628
4287 13626
6962 13624
13593 13622
7728 13620
4619 13618
4284 13616
4921 13614
5663 13612
9092 13610
9753 13608
539 13606
1143 13604
3132 13602
6505 13600
1912 13598
1972 13596
6329 13594
4160 13592
5739 13590
13060 13588
2082 13586
4562 13584
4495 13582
7264 13580
13079 13578
8096 13576
10207 13574
12825 13572
5248 13570
7978 13568
7729 13566
5972 13564
13540 13562
10496 13560
3804 13558
8721 13556
10216 13554
2937 13552
2614 13550
2174 13548
8664 13546
13166 13544
2442 13542
13217 13540
9919 13538
11377 13536
1639 13534
12300 13532
12020 13530
1945 13528
6629 13526
1345 13524
4016 13522
4186 13520
11498 13518
2744 13516
6069 13514
7829 13512
3579 13510
12257 13508
1472 13506
8622 13504
9054 13502
10653 13500
410 13498
536 13496
11961 13494
10277 13492
7521 13490
2222 13488
11780 13486
8255 13484
1902 13482
5673 13480
8487 13478
2561 13476
11662 13474
11702 13472
13165 13470
7356 13468
12467 13466
7251 13464
3838 13462
11768 13460
11215 13458
2150 13456
12856 13454
6119 13452
10877 13450
10290 13448
11274 13446
8646 13444
9719 13442
11395 13440
5048 13438
4513 13436
8667 13434
10894 13432
465 13430
7912 13428
6124 13426
1540 13424
8607 13422
8938 13420
2201 13418
3803 13416
6682 13414
386 13412
145 13410
11543 13408
4796 13406
11140 13404
1588 13402
8916 13400
11976 13398
3548 13396
9587 13394
5841 13392
4060 13390
497 13388
6364 13386
11278 13384
12096 13382
9936 13380
9764 13378
1422 13376
1188 13374
8300 13372
11647 13370
4156 13368
12984 13366
641 13364
3890 13362
9177 13360
4838 13358
4603 13356
11760 13354
697 13352
11884 13350
6593 13348
4802 13346
1162 13344
1002 13342
3095 13340
13327 13338
6430 13336
10420 13334
3662 13332
3109 13330
2586 13328
12283 13326
1300 13324
11093 13322
6349 13320
13286 13318
1411 13316
11327 13314
11379 13312
9161 13310
902 13308
9055 13306
11297 13304
10684 13302
3210 13300
6622 13298
3299 13296
10884 13294
5929 13292
4633 13290
9569 13288
6504 13286
12861 13284
12263 13282
4938 13280
8607 13278
103 13276
287 13274
9512 13272
13068 13270
5774 13268
6558 13266
10001 13264
11091 13262
12963 13260
3355 13258
10986 13256
12412 13254
4045 13252
11181 13250
1936 13248
5701 13246
5933 13244
7186 13242
6080 13240
3022 13238
6280 13236
11499 13234
3219 13232
6512 13230
5136 13228
6715 13226
12571 13224
10424 13222
2503 13220
12954 13218
2013 13216
8761 13214
5070 13212
6601 13210
4186 13208
3562 13206
4140 13204
11928 13202
1747 13200
1460 13198
1659 13196
6413 13194
6549 13192
13087 13190
9457 13188
5407 13186
6914 13184
9932 13182
11486 13180
7681 13178
6895 13176
2431 13174
1420 13172
1217 13170
1506 13168
11137 13166
5320 13164
1977 13162
4743 13160
11057 13158
7123 13156
4689 13154
8965 13152
4194 13150
11231 13148
5847 13146
1241 13144
12147 13142
5101 13140
9009 13138
6727 13136
5164 13134
3468 13132
5064 13130
1816 13128
10648 13126
483 13124
4348 13122
10300 13120
12810 13118
3021 13116
7383 13114
10005 13112
3102 13110
5358 13108
8465 13106
11155 13104
5856 13102
8573 13100
4729 13098
3274 13096
1984 13094
11723 13092
10713 13090
12049 13088
12306 13086
9455 13084
3372 13082
73 13080
9676 13078
3190 13076
4042 13074
10529 13072
11017 13070
4665 13068
10998 13066
118 13064
7910 13062
3487 13060
5429 13058
9217 13056
4860 13054
4390 13052
3561 13050
11705 13048
10274 13046
3774 13044
9047 13042
1558 13040
8465 13038
6005 13036
8207 13034
8914 13032
4496 13030
9120 13028
11979 13026
83 13024
5942 13022
9252 13020
9363 13018
6919 13016
8555 13014
11 13012
9000 13010
2761 13008
12749 13006
8590 13004
10403 13002
5449 13000
9967 12998
4944 12996
4521 12994
10097 12992
1515 12990
1807 12988
7686 12986
12590 12984
1852 12982
297 12980
8625 12978
11527 12976
10698 12974
7178 12972
4711 12970
6351 12968
4266 12966
11461 12964
2706 12962
10886 12960
7995 12958
6501 12956
6095 12954
2822 12952
12715 12950
2417 12948
10349 12946
4996 12944
537 12942
3746 12940
8133 12938
4667 12936
10892 12934
9501 12932
2193 12930
2773 12928
3269 12926
4604 12924
12318 12922
2685 12920
9555 12918
5552 12916
11649 12914
8619 12912
2827 12910
8863 12908
9648 12906
11495 12904
1375 12902
6886 12900
7805 12898
4393 12896
11229 12894
2315 12892
6885 12890
9495 12888
3036 12886
10210 12884
345 12882
2760 12880
9007 12878
7846 12876
4285 12874
1651 12872
8696 12870
6786 12868
4172 12866
2765 12864
4217 12862
839 12860
3890 12858
8074 12856
1696 12854
1743 12852
296 12850
7867 12848
806 12846
6091 12844
12528 12842
8239 12840
12714 12838
11580 12836
7435 12834
8448 12832
11512 12830
3591 12828
6087 12826
11355 12824
9419 12822
6609 12820
5616 12818
5918 12816
6436 12814
9679 12812
12795 12810
7229 12808
4467 12806
4696 12804
6509 12802
3745 12800
10207 12798
12379 12796
12483 12794
4561 12792
4948 12790
5347 12788
9817 12786
10634 12784
3234 12782
5173 12780
7236 12778
6485 12776
12003 12774
1519 12772
5006 12770
12009 12768
5908 12766
12383 12764
10035 12762
11768 12760
3689 12758
1199 12756
2476 12754
11973 12752
10945 12750
3209 12748
9467 12746
10022 12744
7663 12742
10445 12740
2873 12738
8656 12736
10543 12734
9057 12732
5672 12730
5613 12728
4431 12726
177 12724
7224 12722
9736 12720
10486 12718
7593 12716
2491 12714
5290 12712
12610 12710
11917 12708
5047 12706
158 12704
5882 12702
6022 12700
5103 12698
7471 12696
9765 12694
1868 12692
8198 12690
5390 12688
5249 12686
12222 12684
5078 12682
3256 12680
70 12678
10669 12676
2703 12674
80 12672
4510 12670
2260 12668
4620 12666
11617 12664
4896 12662
7990 12660
3521 12658
8541 12656
2086 12654
3069 12652
3949 12650
818 12648
3898 12646
386 12644
2302 12642
11382 12640
6174 12638
5750 12636
4798 12634
3091 12632
2674 12630
11501 12628
10006 12626
3034 12624
3489 12622
8718 12620
6366 12618
6224 12616
9138 12614
8991 12612
3043 12610
1841 12608
11168 12606
6649 12604
10012 12602
11453 12600
8167 12598
6257 12596
7664 12594
2414 12592
11340 12590
10315 12588
5320 12586
11443 12584
7131 12582
9279 12580
8165 12578
9395 12576
2373 12574
958 12572
7915 12570
1635 12568
6222 12566
1869 12564
1332 12562
5635 12560
5908 12558
544 12556
12358 12554
8670 12552
11968 12550
6121 12548
6679 12546
11573 12544
3093 12542
1230 12540
5359 12538
7307 12536
5985 12534
12040 12532
2018 12530
4649 12528
1975 12526
4421 12524
8227 12522
2861 12520
6926 12518
556 12516
2486 12514
4208 12512
8305 12510
5702 12508
1738 12506
692 12504
245 12502
5062 12500
10748 12498
2601 12496
5580 12494
2269 12492
4441 12490
5457 12488
1813 12486
2843 12484
6296 12482
5411 12480
8764 12478
9550 12476
2310 12474
6397 12472
10237 12470
5423 12468
7744 12466
8630 12464
6477 12462
4486 12460
8535 12458
8847 12456
7332 12454
3231 12452
6550 12450
6342 12448
3684 12446
8659 12444
7420 12442
1747 12440
7468 12438
8816 12436
6887 12434
7274 12432
8687 12430
5235 12428
7971 12426
7142 12424
4769 12422
38 12420
8415 12418
6252 12416
7325 12414
9521 12412
6477 12410
9653 12408
1029 12406
4080 12404
4039 12402
8614 12400
8246 12398
12240 12396
74 12394
9477 12392
3284 12390
5291 12388
4646 12386
11374 12384
722 12382
6628 12380
8072 12378
7362 12376
2197 12374
10591 12372
8774 12370
1581 12368
5892 12366
7057 12364
10199 12362
8469 12360
3969 12358
2941 12356
3856 12354
8912 12352
5124 12350
2851 12348
4949 12346
9087 12344
3911 12342
10326 12340
399 12338
9318 12336
5798 12334
2525 12332
2909 12330
3362 12328
1205 12326
5338 12324
4085 12322
4235 12320
6632 12318
1217 12316
7110 12314
10206 12312
2013 12310
3912 12308
6724 12306
2186 12304
1525 12302
1045 12300
6197 12298
1854 12296
3717 12294
1036 12292
7948 12290
9459 12288
2341 12286
639 12284
6959 12282
1630 12280
7545 12278
11050 12276
5881 12274
1052 12272
10373 12270
5 12268
4186 12266
7399 12264
6831 12262
9910 12260
10585 12258
12087 12256
3385 12254
1129 12252
7896 12250
7769 12248
4544 12246
11925 12244
11507 12242
9710 12240
1433 12238
6094 12236
2129 12234
12138 12232
9538 12230
2628 12228
7857 12226
2418 12224
11921 12222
1999 12220
10671 12218
3911 12216
8109 12214
7062 12212
4232 12210
6312 12208
106 12206
11942 12204
3697 12202
11045 12200
5256 12198
8229 12196
1289 12194
5050 12192
8755 12190
519 12188
11126 12186
6408 12184
6678 12182
628 12180
43 12178
11061 12176
641 12174
9159 12172
10157 12170
1981 12168
1688 12166
1995 12164
3231 12162
265 12160
3460 12158
9837 12156
4859 12154
7098 12152
8114 12150
6377 12148
387 12146
1331 12144
8960 12142
11365 12140
9305 12138
2090 12136
10465 12134
3606 12132
7132 12130
5642 12128
9727 12126
11913 12124
7279 12122
6352 12120
4995 12118
7451 12116
8647 12114
8736 12112
1061 12110
11697 12108
5334 12106
3140 12104
2083 12102
9049 12100
1664 12098
9020 12096
1974 12094
12003 12092
7678 12090
432 12088
5151 12086
7514 12084
854 12082
8344 12080
8324 12078
8772 12076
8205 12074
2525 12072
2695 12070
6601 12068
3433 12066
5999 12064
1254 12062
11709 12060
9072 12058
7652 12056
9877 12054
7386 12052
9377 12050
8527 12048
10254 12046
9682 12044
1113 12042
9760 12040
4607 12038
10338 12036
2582 12034
221 12032
6911 12030
6107 12028
2096 12026
3556 12024
8492 12022
6814 12020
11241 12018
1918 12016
959 12014
7226 12012
7043 12010
11620 12008
1512 12006
11048 12004
9332 12002
11176 12000
11208 11998
659 11996
4082 11994
5421 11992
11807 11990
9566 11988
7499 11986
11177 11984
538 11982
1433 11980
11591 11978
7174 11976
1593 11974
10562 11972
2948 11970
4692 11968
3781 11966
10649 11964
11532 11962
3151 11960
5939 11958
1261 11956
1279 11954
6562 11952
7735 11950
10063 11948
8250 11946
442 11944
481 11942
6569 11940
2617 11938
9140 11936
6094 11934
1888 11932
3210 11930
10178 11928
9302 11926
6852 11924
240 11922
7656 11920
72 11918
9798 11916
7150 11914
2841 11912
6098 11910
5898 11908
3303 11906
307 11904
4681 11902
2181 11900
10668 11898
9790 11896
10807 11894
7116 11892
9569 11890
9733 11888
11607 11886
3403 11884
2739 11882
2096 11880
4021 11878
1549 11876
9226 11874
11719 11872
10488 11870
9586 11868
11414 11866
5094 11864
2321 11862
9730 11860
6617 11858
867 11856
6651 11854
11052 11852
22 11850
11087 11848
7298 11846
989 11844
8748 11842
11530 11840
4697 11838
2432 11836
6794 11834
5581 11832
2926 11830
6989 11828
9858 11826
2104 11824
3106 11822
5626 11820
8446 11818
6537 11816
2837 11814
5909 11812
1700 11810
9179 11808
738 11806
2419 11804
5259 11802
5375 11800
8647 11798
4993 11796
7463 11794
49 11792
5797 11790
4463 11788
7734 11786
842 11784
3235 11782
2505 11780
4558 11778
7104 11776
5791 11774
1969 11772
414 11770
244 11768
255 11766
2669 11764
11388 11762
9940 11760
974 11758
9115 11756
2658 11754
4166 11752
10909 11750
6950 11748
10867 11746
6455 11744
370 11742
8438 11740
6785 11738
3264 11736
244 11734
2943 11732
10782 11730
3594 11728
7665 11726
8242 11724
1802 11722
5239 11720
9866 11718
1180 11716
10659 11714
10259 11712
10624 11710
3014 11708
10270 11706
2066 11704
11304 11702
9108 11700
3431 11698
2057 11696
8159 11694
2960 11692
11509 11690
4587 11688
7237 11686
11619 11684
5213 11682
3561 11680
8158 11678
6011 11676
6412 11674
3021 11672
10703 11670
7544 11668
9005 11666
751 11664
3811 11662
501 11660
291 11658
10618 11656
9369 11654
5042 11652
502 11650
4195 11648
11220 11646
7941 11644
5441 11642
9694 11640
5117 11638
41 11636
5060 11634
9435 11632
2052 11630
3423 11628
1223 11626
4715 11624
11390 11622
2084 11620
9354 11618
4794 11616
214 11614
3623 11612
7868 11610
6602 11608
5169 11606
4899 11604
5928 11602
8708 11600
7219 11598
4617 11596
10295 11594
4155 11592
489 11590
4756 11588
4163 11586
250 11584
3184 11582
1331 11580
4277 11578
7272 11576
189 11574
1826 11572
7562 11570
604 11568
3434 11566
1812 11564
9154 11562
8565 11560
1890 11558
2141 11556
5355 11554
4779 11552
4218 11550
4724 11548
9097 11546
11440 11544
6263 11542
9709 11540
426 11538
2782 11536
10432 11534
6256 11532
2240 11530
835 11528
2577 11526
10814 11524
8706 11522
2411 11520
7590 11518
7783 11516
10745 11514
8626 11512
6186 11510
2249 11508
2904 11506
588 11504
1200 11502
745 11500
10683 11498
5748 11496
2804 11494
4638 11492
11291 11490
1660 11488
4695 11486
3022 11484
2773 11482
8970 11480
4601 11478
1647 11476
8814 11474
6571 11472
3914 11470
474 11468
3503 11466
3334 11464
11113 11462
11026 11460
3186 11458
10050 11456
179 11454
5170 11452
9738 11450
10446 11448
2191 11446
3884 11444
1167 11442
6628 11440
8510 11438
2006 11436
7115 11434
2614 11432
2487 11430
1080 11428
1209 11426
9232 11424
6864 11422
7157 11420
7327 11418
6501 11416
3463 11414
8635 11412
4625 11410
6072 11408
9112 11406
1743 11404
2900 11402
3293 11400
8993 11398
8435 11396
5400 11394
2086 11392
9201 11390
9974 11388
9575 11386
6278 11384
9431 11382
3812 11380
3378 11378
2037 11376
5865 11374
6062 11372
87 11370
9817 11368
6290 11366
8982 11364
7909 11362
6067 11360
8753 11358
7393 11356
6232 11354
10426 11352
1772 11350
606 11348
7313 11346
7495 11344
8574 11342
9279 11340
8529 11338
9191 11336
5421 11334
6055 11332
290 11330
10334 11328
6389 11326
11055 11324
10742 11322
4637 11320
10437 11318
5810 11316
320 11314
1940 11312
388 11310
32 11308
4593 11306
10099 11304
2492 11302
2535 11300
7959 11298
1330 11296
5462 11294
6958 11292
8141 11290
9459 11288
8466 11286
8180 11284
8169 11282
9134 11280
2548 11278
1250 11276
10364 11274
2095 11272
11214 11270
7973 11268
6290 11266
8064 11264
5535 11262
3277 11260
9003 11258
5641 11256
4905 11254
3627 11252
6586 11250
7209 11248
1094 11246
4838 11244
9027 11242
1027 11240
5017 11238
3832 11236
1411 11234
1717 11232
7749 11230
3433 11228
386 11226
539 11224
10621 11222
6088 11220
7136 11218
9293 11216
8432 11214
50 11212
54 11210
1730 11208
3744 11206
10670 11204
9594 11202
5031 11200
11058 11198
8555 11196
5008 11194
2766 11192
1332 11190
5023 11188
669 11186
3885 11184
1042 11182
6518 11180
8512 11178
1156 11176
7630 11174
2912 11172
367 11170
4964 11168
7909 11166
4349 11164
73 11162
2294 11160
4217 11158
10027 11156
11095 11154
11040 11152
10393 11150
5034 11148
8481 11146
9093 11144
3789 11142
816 11140
4016 11138
4491 11136
4250 11134
1245 11132
10863 11130
7061 11128
3986 11126
1540 11124
4909 11122
1002 11120
8432 11118
918 11116
759 11114
120 11112
1816 11110
2866 11108
9927 11106
8867 11104
4671 11102
953 11100
3053 11098
1194 11096
5543 11094
11037 11092
5646 11090
7062 11088
7961 11086
3155 11084
10829 11082
1402 11080
5959 11078
2051 11076
2738 11074
4777 11072
5640 11070
1757 11068
9094 11066
2732 11064
1386 11062
5714 11060
2721 11058
7203 11056
4704 11054
4639 11052
5168 11050
4532 11048
8533 11046
7758 11044
7813 11042
9802 11040
541 11038
3565 11036
1557 11034
10611 11032
456 11030
625 11028
10568 11026
5290 11024
5905 11022
6000 11020
1078 11018
2108 11016
7384 11014
6815 11012
6772 11010
9182 11008
4930 11006
758 11004
1677 11002
3759 11000
10787 10998
615 10996
7015 10994
7854 10992
7724 10990
6299 10988
2940 10986
8074 10984
9214 10982
4126 10980
4887 10978
621 10976
198 10974
2746 10972
6160 10970
3170 10968
7792 10966
1270 10964
1660 10962
640 10960
10941 10958
7578 10956
6159 10954
5433 10952
5685 10950
738 10948
10873 10946
9072 10944
1532 10942
2894 10940
389 10938
6956 10936
6328 10934
843 10932
7926 10930
10248 10928
6616 10926
591 10924
5802 10922
3485 10920
6097 10918
1188 10916
7535 10914
2146 10912
1299 10910
1340 10908
375 10906
10392 10904
6763 10902
5268 10900
2923 10898
1095 10896
4909 10894
8769 10892
10423 10890
5120 10888
6581 10886
7021 10884
3083 10882
9298 10880
3159 10878
5083 10876
5816 10874
5404 10872
5640 10870
2557 10868
7667 10866
4112 10864
2842 10862
739 10860
3086 10858
9102 10856
9472 10854
1804 10852
6359 10850
4984 10848
5681 10846
9819 10844
6310 10842
8982 10840
7928 10838
724 10836
6933 10834
7333 10832
3897 10830
7023 10828
3837 10826
5298 10824
2255 10822
3279 10820
7402 10818
1657 10816
4193 10814
1913 10812
10765 10810
880 10808
6832 10806
4023 10804
4383 10802
2565 10800
1640 10798
9116 10796
3665 10794
9576 10792
9209 10790
1245 10788
8798 10786
840 10784
2081 10782
551 10780
5226 10778
10382 10776
3910 10774
959 10772
269 10770
7104 10768
3121 10766
2501 10764
4946 10762
3271 10760
4843 10758
5649 10756
1558 10754
5847 10752
2698 10750
3679 10748
3843 10746
5411 10744
9364 10742
3197 10740
621 10738
2259 10736
2073 10734
51 10732
9760 10730
1767 10728
4242 10726
9647 10724
8098 10722
6151 10720
5526 10718
639 10716
8147 10714
4946 10712
2320 10710
905 10708
10083 10706
7222 10704
4330 10702
946 10700
3438 10698
9157 10696
10085 10694
2576 10692
2103 10690
4340 10688
7179 10686
3326 10684
2932 10682
1902 10680
5663 10678
9830 10676
5856 10674
1064 10672
4341 10670
5064 10668
10299 10666
6635 10664
7141 10662
9561 10660
3919 10658
2869 10656
3487 10654
5592 10652
1367 10650
4370 10648
2993 10646
1880 10644
1339 10642
7074 10640
8820 10638
7092 10636
3276 10634
1831 10632
5470 10630
6075 10628
8059 10626
2648 10624
419 10622
9263 10620
9473 10618
5858 10616
3211 10614
179 10612
2460 10610
6099 10608
1738 10606
9723 10604
5530 10602
1496 10600
566 10598
46 10596
2073 10594
69 10592
1194 10590
5561 10588
8452 10586
1611 10584
2663 10582
7142 10580
1657 10578
4790 10576
10417 10574
3524 10572
8939 10570
6143 10568
819 10566
6443 10564
5451 10562
7127 10560
7009 10558
9863 10556
2524 10554
8736 10552
4285 10550
7523 10548
9971 10546
4719 10544
5507 10542
8456 10540
9325 10538
123 10536
778 10534
7325 10532
5779 10530
6407 10528
7112 10526
10070 10524
631 10522
6320 10520
4390 10518
3839 10516
6687 10514
909 10512
6644 10510
5110 10508
3708 10506
1723 10504
6367 10502
9527 10500
9112 10498
1651 10496
6705 10494
377 10492
9559 10490
4705 10488
10154 10486
9625 10484
3258 10482
7697 10480
9161 10478
9501 10476
3720 10474
6756 10472
6568 10470
9870 10468
10450 10466
1379 10464
5164 10462
2395 10460
9616 10458
9435 10456
8819 10454
8031 10452
10088 10450
9018 10448
1086 10446
5309 10444
1763 10442
9663 10440
2134 10438
10363 10436
2643 10434
2997 10432
3970 10430
6030 10428
5735 10426
5353 10424
231 10422
4040 10420
3775 10418
4643 10416
2469 10414
1822 10412
3066 10410
4822 10408
2970 10406
9939 10404
1276 10402
8350 10400
6771 10398
8845 10396
6546 10394
196 10392
10343 10390
3717 10388
4897 10386
7849 10384
4193 10382
3676 10380
4364 10378
4884 10376
9207 10374
4222 10372
10101 10370
1327 10368
10055 10366
8826 10364
8101 10362
8379 10360
167 10358
4597 10356
5334 10354
4100 10352
3644 10350
1103 10348
1106 10346
2221 10344
6601 10342
3511 10340
7990 10338
2889 10336
371 10334
7292 10332
1592 10330
6558 10328
2258 10326
3638 10324
4006 10322
8787 10320
274 10318
971 10316
2866 10314
9077 10312
5161 10310
4662 10308
8817 10306
7080 10304
7449 10302
8570 10300
5039 10298
8016 10296
316 10294
2967 10292
6551 10290
1230 10288
9931 10286
1254 10284
5562 10282
6096 10280
3778 10278
2022 10276
4769 10274
1955 10272
1976 10270
4153 10268
2026 10266
9651 10264
6510 10262
954 10260
4381 10258
297 10256
8915 10254
5133 10252
2123 10250
2722 10248
9815 10246
994 10244
306 10242
7840 10240
6957 10238
2422 10236
4451 10234
3891 10232
6366 10230
3042 10228
1846 10226
4004 10224
9171 10222
6100 10220
7116 10218
7239 10216
8649 10214
3068 10212
8071 10210
8139 10208
9293 10206
5872 10204
1840 10202
4100 10200
5858 10198
9050 10196
7075 10194
1296 10192
7925 10190
1852 10188
400 10186
979 10184
8474 10182
91 10180
2573 10178
7999 10176
1787 10174
3534 10172
206 10170
7446 10168
3701 10166
8793 10164
3534 10162
5486 10160
1895 10158
3968 10156
2559 10154
1606 10152
9002 10150
7982 10148
8517 10146
2396 10144
9740 10142
9443 10140
4974 10138
5414 10136
2425 10134
7160 10132
6297 10130
6706 10128
8604 10126
3801 10124
9324 10122
1535 10120
3416 10118
5045 10116
710 10114
8133 10112
9363 10110
9517 10108
8918 10106
7287 10104
1609 10102
991 10100
10082 10098
557 10096
2059 10094
6533 10092
3364 10090
8096 10088
4228 10086
6286 10084
8314 10082
10013 10080
996 10078
4684 10076
9893 10074
6350 10072
692 10070
6790 10068
1272 10066
8807 10064
4476 10062
7256 10060
1833 10058
763 10056
379 10054
3959 10052
1673 10050
5089 10048
8975 10046
4043 10044
5606 10042
5894 10040
9635 10038
929 10036
5068 10034
2230 10032
1820 10030
6677 10028
7538 10026
3888 10024
211 10022
6060 10020
445 10018
3428 10016
2109 10014
8341 10012
8121 10010
2215 10008
5182 10006
2543 10004
1862 10002
8744 10000
9059 9998
7787 9996
8291 9994
9803 9992
468 9990
574 9988
5125 9986
7276 9984
8542 9982
9544 9980
4361 9978
4109 9976
7757 9974
2714 9972
8025 9970
3111 9968
5201 9966
7689 9964
388 9962
9803 9960
3991 9958
3072 9956
3400 9954
5677 9952
3383 9950
8933 9948
2997 9946
4193 9944
4045 9942
6506 9940
6772 9938
3872 9936
230 9934
1877 9932
7106 9930
8382 9928
457 9926
2073 9924
2859 9922
3715 9920
5051 9918
3955 9916
7982 9914
9787 9912
7163 9910
738 9908
2909 9906
6450 9904
5448 9902
5492 9900
4518 9898
2186 9896
5628 9894
8282 9892
7258 9890
368 9888
2355 9886
5487 9884
1145 9882
3738 9880
9837 9878
5103 9876
3821 9874
9181 9872
327 9870
4973 9868
6207 9866
1494 9864
586 9862
5098 9860
2551 9858
9559 9856
6917 9854
9441 9852
3663 9850
8289 9848
9079 9846
6208 9844
8512 9842
7878 9840
7604 9838
9282 9836
1208 9834
7212 9832
2206 9830
4505 9828
9022 9826
8353 9824
5021 9822
932 9820
7413 9818
7101 9816
781 9814
3 9812
6411 9810
8190 9808
5372 9806
7194 9804
579 9802
2575 9800
5554 9798
1165 9796
5141 9794
4894 9792
1971 9790
1386 9788
4188 9786
5601 9784
1099 9782
3774 9780
6234 9778
4104 9776
7504 9774
256 9772
8702 9770
5743 9768
5370 9766
7855 9764
877 9762
8354 9760
3623 9758
9645 9756
3285 9754
8190 9752
6844 9750
8806 9748
2990 9746
5472 9744
920 9742
3166 9740
4581 9738
7163 9736
371 9734
2016 9732
5084 9730
9143 9728
266 9726
6243 9724
6915 9722
3775 9720
1628 9718
5230 9716
6759 9714
360 9712
9306 9710
7780 9708
8201 9706
7060 9704
5000 9702
5390 9700
2731 9698
573 9696
126 9694
9233 9692
6530 9690
8899 9688
1004 9686
7771 9684
3035 9682
3313 9680
6765 9678
8321 9676
2775 9674
5819 9672
1324 9670
7519 9668
2341 9666
3119 9664
6588 9662
1062 9660
3640 9658
4041 9656
5517 9654
324 9652
1697 9650
623 9648
1532 9646
3198 9644
792 9642
2752 9640
7981 9638
1399 9636
2336 9634
2731 9632
4685 9630
1237 9628
6396 9626
8382 9624
8135 9622
9377 9620
5742 9618
7109 9616
8861 9614
3055 9612
4881 9610
6746 9608
7050 9606
1424 9604
6323 9602
2577 9600
9550 9598
346 9596
669 9594
8429 9592
5666 9590
6172 9588
2906 9586
569 9584
7687 9582
3646 9580
6529 9578
8071 9576
9142 9574
5821 9572
5738 9570
2118 9568
1618 9566
9077 9564
6200 9562
1021 9560
2785 9558
4638 9556
7203 9554
7956 9552
1093 9550
3090 9548
6631 9546
229 9544
5117 9542
6297 9540
2618 9538
7553 9536
4496 9534
7502 9532
688 9530
7740 9528
5846 9526
3091 9524
4014 9522
2176 9520
4285 9518
5988 9516
972 9514
1310 9512
3615 9510
5316 9508
8480 9506
4877 9504
739 9502
341 9500
8497 9498
1444 9496
112 9494
5584 9492
4173 9490
995 9488
640 9486
9060 9484
3793 9482
323 9480
8863 9478
3500 9476
3789 9474
6240 9472
2288 9470
8168 9468
3834 9466
486 9464
1320 9462
289 9460
1694 9458
5059 9456
8121 9454
2689 9452
6722 9450
9164 9448
6087 9446
8141 9444
5568 9442
1012 9440
4678 9438
1553 9436
3112 9434
4202 9432
1381 9430
6035 9428
1964 9426
4872 9424
9182 9422
5141 9420
1731 9418
1401 9416
3765 9414
3024 9412
5630 9410
5341 9408
2044 9406
3641 9404
4391 9402
1408 9400
6783 9398
8128 9396
1961 9394
2026 9392
6562 9390
907 9388
1011 9386
8638 9384
1094 9382
4402 9380
1152 9378
7946 9376
4961 9374
1010 9372
2323 9370
5077 9368
7667 9366
6823 9364
2316 9362
7346 9360
7326 9358
7730 9356
4235 9354
3993 9352
495 9350
4418 9348
1935 9346
9107 9344
7255 9342
5344 9340
121 9338
7764 9336
224 9334
3196 9332
6548 9330
7415 9328
4587 9326
9220 9324
433 9322
2584 9320
253 9318
608 9316
5842 9314
209 9312
7954 9310
7706 9308
4228 9306
629 9304
4519 9302
2116 9300
6723 9298
1339 9296
2153 9294
6083 9292
7743 9290
8675 9288
5464 9286
2955 9284
6178 9282
4678 9280
1466 9278
7365 9276
4277 9274
597 9272
6982 9270
3634 9268
1590 9266
2472 9264
7754 9262
1574 9260
1261 9258
2322 9256
2698 9254
5989 9252
2704 9250
6730 9248
4412 9246
8514 9244
8056 9242
7960 9240
935 9238
5808 9236
6627 9234
6090 9232
362 9230
5745 9228
2800 9226
2456 9224
1607 9222
1572 9220
6586 9218
1319 9216
9051 9214
2529 9212
5844 9210
3867 9208
6322 9206
6018 9204
1425 9202
3541 9200
26 9198
321 9196
5091 9194
9153 9192
4469 9190
6715 9188
8842 9186
8905 9184
5492 9182
8711 9180
5051 9178
2616 9176
8558 9174
7543 9172
3831 9170
4948 9168
114 9166
5972 9164
4052 9162
7420 9160
5123 9158
3314 9156
4538 9154
6967 9152
4911 9150
384 9148
8477 9146
5717 9144
4690 9142
5948 9140
8900 9138
8709 9136
4201 9134
7453 9132
5543 9130
921 9128
3357 9126
2446 9124
5073 9122
7417 9120
8344 9118
1031 9116
2522 9114
3083 9112
1725 9110
2644 9108
5290 9106
9061 9104
2041 9102
316 9100
697 9098
6533 9096
2929 9094
426 9092
8857 9090
8010 9088
7845 9086
1460 9084
4492 9082
458 9080
39 9078
5200 9076
4728 9074
2910 9072
6397 9070
6095 9068
6075 9066
7105 9064
7752 9062
63 9060
5321 9058
5850 9056
4784 9054
8892 9052
2187 9050
765 9048
4382 9046
3522 9044
5984 9042
3196 9040
4993 9038
3135 9036
832 9034
2358 9032
8190 9030
6698 9028
4647 9026
4181 9024
6669 9022
2407 9020
2022 9018
5871 9016
7216 9014
5398 9012
2409 9010
2823 9008
4778 9006
4887 9004
184 9002
2639 9000
4917 8998
3573 8996
1538 8994
2655 8992
6249 8990
7016 8988
7890 8986
2037 8984
4056 8982
6117 8980
7654 8978
1339 8976
8495 8974
4717 8972
555 8970
642 8968
4750 8966
6204 8964
3371 8962
6279 8960
148 8958
6556 8956
4286 8954
1906 8952
5297 8950
6885 8948
5159 8946
8488 8944
4834 8942
2366 8940
8660 8938
3705 8936
3585 8934
8228 8932
867 8930
8568 8928
8100 8926
326 8924
920 8922
1437 8920
8710 8918
322 8916
1941 8914
3787 8912
7671 8910
7304 8908
4503 8906
4332 8904
5036 8902
671 8900
8843 8898
2007 8896
340 8894
1894 8892
6465 8890
6283 8888
630 8886
1824 8884
578 8882
2356 8880
8686 8878
3005 8876
2933 8874
3096 8872
34 8870
3526 8868
514 8866
5979 8864
4304 8862
1481 8860
69 8858
2764 8856
6027 8854
5078 8852
5967 8850
2846 8848
5488 8846
648 8844
3501 8842
2584 8840
8318 8838
952 8836
644 8834
6203 8832
2514 8830
6687 8828
5031 8826
1441 8824
4785 8822
3246 8820
1261 8818
3657 8816
3889 8814
2043 8812
1875 8810
4281 8808
8217 8806
5580 8804
8318 8802
4171 8800
3174 8798
2013 8796
6912 8794
2031 8792
4445 8790
2622 8788
799 8786
7278 8784
7000 8782
7273 8780
1739 8778
3391 8776
1646 8774
919 8772
2695 8770
1007 8768
287 8766
7448 8764
6579 8762
7645 8760
7956 8758
3081 8756
8221 8754
6649 8752
7004 8750
1570 8748
6224 8746
5340 8744
528 8742
4986 8740
5871 8738
8155 8736
2611 8734
8151 8732
1822 8730
3695 8728
7885 8726
160 8724
3650 8722
885 8720
1952 8718
2839 8716
5474 8714
3727 8712
5790 8710
7522 8708
6701 8706
5455 8704
7020 8702
1111 8700
8664 8698
6933 8696
3333 8694
2271 8692
821 8690
2980 8688
936 8686
5119 8684
7548 8682
364 8680
4041 8678
7431 8676
8029 8674
613 8672
2202 8670
1181 8668
5145 8666
3317 8664
4772 8662
2576 8660
1642 8658
4190 8656
4818 8654
4169 8652
2473 8650
4516 8648
4782 8646
8464 8644
1933 8642
1382 8640
7570 8638
1066 8636
6481 8634
5412 8632
538 8630
3728 8628
2444 8626
3376 8624
7938 8622
981 8620
7361 8618
5019 8616
4147 8614
2176 8612
6079 8610
7726 8608
451 8606
1121 8604
4492 8602
6417 8600
2429 8598
5575 8596
4156 8594
909 8592
4709 8590
825 8588
7168 8586
5840 8584
3781 8582
4162 8580
7263 8578
546 8576
7761 8574
743 8572
167 8570
7417 8568
52 8566
451 8564
280 8562
2801 8560
7868 8558
4018 8556
6165 8554
7095 8552
4374 8550
929 8548
4453 8546
7507 8544
2827 8542
5038 8540
3238 8538
3544 8536
8078 8534
3926 8532
259 8530
3647 8528
5837 8526
1494 8524
3870 8522
3939 8520
6774 8518
3796 8516
4684 8514
4974 8512
4108 8510
2012 8508
8277 8506
5423 8504
1412 8502
8064 8500
6106 8498
6907 8496
4231 8494
5599 8492
3367 8490
7091 8488
1110 8486
4134 8484
2648 8482
1558 8480
6034 8478
6255 8476
2457 8474
3891 8472
686 8470
817 8468
5089 8466
2580 8464
5024 8462
4969 8460
6999 8458
403 8456
3839 8454
510 8452
8250 8450
7831 8448
2605 8446
5599 8444
3383 8442
7230 8440
2989 8438
1410 8436
6544 8434
4349 8432
2735 8430
97 8428
1397 8426
5371 8424
1159 8422
2608 8420
4568 8418
6326 8416
3911 8414
6584 8412
7154 8410
1365 8408
7132 8406
3494 8404
5446 8402
8020 8400
3795 8398
5108 8396
5794 8394
5053 8392
3890 8390
1740 8388
4735 8386
3381 8384
17 8382
4440 8380
7436 8378
3673 8376
6334 8374
5488 8372
2637 8370
4904 8368
6946 8366
17 8364
2378 8362
928 8360
6884 8358
3661 8356
3094 8354
5816 8352
2355 8350
7819 8348
1139 8346
1205 8344
7348 8342
7584 8340
2987 8338
5041 8336
2439 8334
3078 8332
1192 8330
6526 8328
240 8326
5970 8324
2896 8322
469 8320
2876 8318
697 8316
2520 8314
4996 8312
5654 8310
4990 8308
3132 8306
4866 8304
64 8302
3409 8300
6302 8298
5384 8296
4268 8294
7122 8292
3986 8290
638 8288
1274 8286
1895 8284
3068 8282
7445 8280
5911 8278
1249 8276
1032 8274
2855 8272
1724 8270
3061 8268
882 8266
7838 8264
2230 8262
1310 8260
5460 8258
6302 8256
1408 8254
3446 8252
3998 8250
7487 8248
3663 8246
2419 8244
5485 8242
1419 8240
5455 8238
3981 8236
949 8234
1403 8232
4793 8230
3984 8228
2911 8226
1549 8224
4539 8222
1164 8220
7071 8218
4779 8216
7462 8214
7647 8212
8015 8210
6386 8208
2798 8206
411 8204
1106 8202
6673 8200
3201 8198
6631 8196
3886 8194
7346 8192
578 8190
5760 8188
3908 8186
1188 8184
2079 8182
7586 8180
3740 8178
897 8176
709 8174
6301 8172
5764 8170
7166 8168
6355 8166
5473 8164
3027 8162
4396 8160
2974 8158
6710 8156
6047 8154
4739 8152
7764 8150
1623 8148
2552 8146
5904 8144
2125 8142
1552 8140
5112 8138
1389 8136
4927 8134
2806 8132
8120 8130
356 8128
6893 8126
5201 8124
2183 8122
1027 8120
6939 8118
6125 8116
5626 8114
3533 8112
1591 8110
6482 8108
6316 8106
7485 8104
3473 8102
5425 8100
4908 8098
4203 8096
4597 8094
5025 8092
3938 8090
1527 8088
1985 8086
2784 8084
5155 8082
1423 8080
6205 8078
7252 8076
994 8074
823 8072
4318 8070
1691 8068
1059 8066
3898 8064
904 8062
5308 8060
3516 8058
6885 8056
4648 8054
138 8052
482 8050
6555 8048
1574 8046
356 8044
7757 8042
1633 8040
6402 8038
7876 8036
1822 8034
2342 8032
7639 8030
4863 8028
2793 8026
817 8024
3766 8022
5942 8020
4676 8018
2604 8016
1813 8014
1027 8012
7245 8010
6514 8008
3274 8006
1856 8004
5153 8002
396 8000
626 7998
3590 7996
4421 7994
2459 7992
5270 7990
7005 7988
1540 7986
6893 7984
4203 7982
4137 7980
6208 7978
6593 7976
7294 7974
947 7972
2862 7970
4579 7968
6664 7966
6616 7964
1644 7962
4128 7960
962 7958
2872 7956
109 7954
5420 7952
3688 7950
3982 7948
818 7946
5226 7944
5095 7942
5861 7940
2398 7938
4051 7936
6396 7934
3537 7932
3375 7930
2804 7928
2661 7926
2748 7924
4592 7922
7751 7920
540 7918
2999 7916
3013 7914
493 7912
418 7910
4412 7908
4114 7906
4209 7904
2786 7902
4058 7900
4539 7898
7646 7896
7007 7894
4281 7892
1261 7890
3548 7888
3238 7886
6100 7884
3447 7882
2391 7880
1323 7878
2938 7876
6340 7874
2820 7872
7001 7870
3393 7868
7444 7866
5000 7864
301 7862
5324 7860
2687 7858
2013 7856
3312 7854
985 7852
865 7850
1311 7848
7037 7846
1706 7844
3239 7842
5545 7840
6304 7838
4983 7836
849 7834
1432 7832
4315 7830
3217 7828
1341 7826
5661 7824
4275 7822
5868 7820
545 7818
5050 7816
4612 7814
2726 7812
5897 7810
1866 7808
4632 7806
3437 7804
4236 7802
506 7800
5283 7798
3138 7796
3261 7794
2336 7792
1936 7790
1295 7788
3548 7786
6736 7784
2057 7782
149 7780
4507 7778
2485 7776
5248 7774
2192 7772
4433 7770
1136 7768
1414 7766
5534 7764
5844 7762
4522 7760
3741 7758
1502 7756
3770 7754
1003 7752
6484 7750
5896 7748
7527 7746
4597 7744
3210 7742
5454 7740
3729 7738
2307 7736
1733 7734
695 7732
3103 7730
4965 7728
5448 7726
1204 7724
3319 7722
4198 7720
6304 7718
5035 7716
4671 7714
4103 7712
7695 7710
3339 7708
4569 7706
5081 7704
5879 7702
2991 7700
1043 7698
3481 7696
6161 7694
5473 7692
1517 7690
2338 7688
6450 7686
53 7684
491 7682
6900 7680
7128 7678
7554 7676
6952 7674
56 7672
3194 7670
2261 7668
3043 7666
1382 7664
1870 7662
7078 7660
5572 7658
5447 7656
6842 7654
2927 7652
939 7650
2728 7648
6490 7646
945 7644
6785 7642
4739 7640
687 7638
3340 7636
5166 7634
2153 7632
4029 7630
3038 7628
1187 7626
6996 7624
4061 7622
910 7620
988 7618
3971 7616
5333 7614
3286 7612
7090 7610
1207 7608
629 7606
5905 7604
1835 7602
876 7600
4043 7598
851 7596
3135 7594
3707 7592
2215 7590
7053 7588
3521 7586
7553 7584
540 7582
6298 7580
265 7578
3590 7576
1759 7574
1657 7572
2919 7570
2905 7568
3908 7566
3295 7564
5126 7562
3488 7560
3194 7558
4773 7556
2439 7554
6399 7552
2008 7550
706 7548
3754 7546
5884 7544
3151 7542
4430 7540
4852 7538
1855 7536
2899 7534
4078 7532
6531 7530
3943 7528
3925 7526
6145 7524
1650 7522
5543 7520
5008 7518
6873 7516
2345 7514
3290 7512
877 7510
3305 7508
3415 7506
4509 7504
2970 7502
7310 7500
6940 7498
3862 7496
6672 7494
4392 7492
37 7490
680 7488
3225 7486
2536 7484
4537 7482
2753 7480
2850 7478
4555 7476
6578 7474
1508 7472
7242 7470
1984 7468
5012 7466
6203 7464
342 7462
6370 7460
193 7458
2467 7456
2771 7454
810 7452
6275 7450
1915 7448
6332 7446
6019 7444
1751 7442
4349 7440
3963 7438
239 7436
1449 7434
4182 7432
3173 7430
1379 7428
3405 7426
202 7424
5305 7422
6600 7420
4451 7418
3115 7416
627 7414
2707 7412
1745 7410
4316 7408
282 7406
5395 7404
5938 7402
1934 7400
622 7398
995 7396
4364 7394
6385 7392
6634 7390
4408 7388
2913 7386
6879 7384
1199 7382
1425 7380
6562 7378
416 7376
375 7374
4589 7372
4249 7370
2579 7368
4992 7366
6790 7364
1279 7362
1101 7360
1866 7358
1425 7356
4241 7354
5236 7352
4771 7350
4365 7348
6513 7346
1415 7344
703 7342
4848 7340
4797 7338
376 7336
6105 7334
4214 7332
4726 7330
2795 7328
1185 7326
3453 7324
5957 7322
5908 7320
2769 7318
84 7316
6391 7314
6107 7312
633 7310
2983 7308
6595 7306
6800 7304
1986 7302
905 7300
6809 7298
872 7296
5646 7294
6594 7292
5238 7290
1955 7288
7140 7286
6727 7284
5785 7282
1049 7280
5005 7278
436 7276
7216 7274
3478 7272
4015 7270
2844 7268
4739 7266
825 7264
7043 7262
2589 7260
683 7258
5275 7256
3039 7254
6100 7252
6637 7250
6884 7248
2260 7246
633 7244
3121 7242
1214 7240
1405 7238
4419 7236
6511 7234
4704 7232
5912 7230
5126 7228
4621 7226
3741 7224
5630 7222
4794 7220
6100 7218
3116 7216
2694 7214
1786 7212
1309 7210
3547 7208
4702 7206
6699 7204
3775 7202
2264 7200
6603 7198
2572 7196
1000 7194
5040 7192
1482 7190
6931 7188
1242 7186
5192 7184
2696 7182
3696 7180
5908 7178
5820 7176
5463 7174
1369 7172
3844 7170
3154 7168
6536 7166
3804 7164
5664 7162
1211 7160
6385 7158
6992 7156
2977 7154
2266 7152
1008 7150
2689 7148
557 7146
2237 7144
4657 7142
2146 7140
5434 7138
3538 7136
2784 7134
3055 7132
1689 7130
2415 7128
4424 7126
3569 7124
6285 7122
6340 7120
2425 7118
6386 7116
3574 7114
6417 7112
4894 7110
6241 7108
7055 7106
328 7104
909 7102
119 7100
1284 7098
3804 7096
2871 7094
5388 7092
5900 7090
2740 7088
734 7086
1250 7084
2375 7082
1120 7080
4712 7078
4171 7076
3023 7074
6336 7072
2376 7070
338 7068
4744 7066
2608 7064
329 7062
4558 7060
2970 7058
2805 7056
7015 7054
5065 7052
3542 7050
2927 7048
6607 7046
604 7044
5899 7042
7004 7040
5928 7038
739 7036
5080 7034
5702 7032
6614 7030
1740 7028
6450 7026
1745 7024
3792 7022
4309 7020
202 7018
6317 7016
1377 7014
6229 7012
418 7010
4003 7008
1263 7006
943 7004
6071 7002
2806 7000
4338 6998
1192 6996
35 6994
544 6992
4303 6990
4828 6988
3440 6986
1958 6984
1769 6982
6726 6980
5713 6978
1999 6976
3182 6974
5937 6972
5555 6970
4746 6968
442 6966
6337 6964
1810 6962
2833 6960
2949 6958
3903 6956
3210 6954
5518 6952
684 6950
3016 6948
3875 6946
5788 6944
2093 6942
1325 6940
4804 6938
5095 6936
2127 6934
3226 6932
3923 6930
873 6928
5958 6926
6358 6924
5397 6922
3421 6920
2994 6918
2783 6916
2141 6914
811 6912
651 6910
6412 6908
2292 6906
282 6904
5847 6902
5578 6900
2664 6898
6152 6896
6768 6894
2746 6892
697 6890
2237 6888
2968 6886
4910 6884
5470 6882
1820 6880
5831 6878
3152 6876
2633 6874
5201 6872
1575 6870
3391 6868
2902 6866
5006 6864
6513 6862
5068 6860
128 6858
6023 6856
3466 6854
6137 6852
635 6850
835 6848
2978 6846
1154 6844
5110 6842
958 6840
249 6838
6070 6836
3153 6834
1515 6832
4754 6830
6772 6828
2181 6826
2147 6824
5809 6822
2907 6820
5144 6818
2921 6816
6353 6814
1484 6812
5262 6810
1789 6808
6652 6806
1094 6804
4884 6802
2188 6800
4168 6798
2236 6796
3392 6794
1670 6792
511 6790
180 6788
3989 6786
1350 6784
3896 6782
2666 6780
1782 6778
1 6776
2128 6774
4638 6772
4127 6770
3018 6768
584 6766
120 6764
729 6762
5837 6760
1712 6758
1803 6756
2093 6754
6588 6752
1113 6750
658 6748
1473 6746
3708 6744
6296 6742
5515 6740
866 6738
6365 6736
2398 6734
4345 6732
5655 6730
674 6728
5188 6726
1490 6724
5473 6722
2224 6720
4352 6718
469 6716
1090 6714
603 6712
3603 6710
4828 6708
2933 6706
1420 6704
2054 6702
59 6700
1599 6698
3849 6696
2207 6694
6579 6692
6102 6690
4561 6688
2229 6686
4421 6684
1499 6682
6164 6680
884 6678
372 6676
6224 6674
1670 6672
397 6670
6098 6668
4651 6666
5032 6664
6323 6662
5246 6660
5103 6658
5172 6656
5048 6654
3225 6652
528 6650
1281 6648
3428 6646
3151 6644
1219 6642
2891 6640
3297 6638
4523 6636
1007 6634
215 6632
1326 6630
3527 6628
2853 6626
6467 6624
5188 6622
1202 6620
2156 6618
6075 6616
4200 6614
2 6612
615 6610
5078 6608
735 6606
1618 6604
1689 6602
1978 6600
1006 6598
1291 6596
5457 6594
4298 6592
1542 6590
825 6588
3622 6586
5502 6584
4859 6582
6082 6580
227 6578
4624 6576
2070 6574
3312 6572
5968 6570
4502 6568
2332 6566
1202 6564
6233 6562
4551 6560
5012 6558
62 6556
1111 6554
5734 6552
5775 6550
3538 6548
5884 6546
3482 6544
25 6542
1230 6540
1374 6538
4761 6536
4323 6534
2547 6532
6120 6530
3650 6528
2314 6526
2118 6524
4808 6522
6374 6520
2269 6518
1878 6516
4095 6514
4635 6512
2220 6510
1865 6508
4097 6506
925 6504
5641 6502
1082 6500
5983 6498
3599 6496
5371 6494
1413 6492
990 6490
3124 6488
1261 6486
1640 6484
280 6482
2612 6480
1239 6478
1688 6476
2097 6474
6336 6472
2306 6470
3418 6468
1646 6466
3047 6464
1424 6462
2439 6460
1144 6458
1979 6456
1547 6454
5743 6452
5839 6450
1059 6448
2012 6446
4043 6444
3408 6442
4979 6440
4269 6438
2037 6436
4248 6434
3476 6432
9 6430
5882 6428
660 6426
4330 6424
5318 6422
6078 6420
4978 6418
1013 6416
328 6414
835 6412
2414 6410
1837 6408
3 6406
1888 6404
1379 6402
1715 6400
4631 6398
6203 6396
3844 6394
4959 6392
719 6390
3060 6388
5340 6386
1330 6384
2527 6382
1756 6380
3193 6378
4822 6376
1481 6374
6253 6372
1635 6370
2591 6368
3060 6366
4654 6364
2421 6362
5271 6360
6209 6358
1161 6356
4008 6354
3266 6352
1012 6350
1880 6348
2708 6346
1315 6344
3716 6342
4517 6340
1718 6338
2146 6336
5880 6334
896 6332
1964 6330
2189 6328
1072 6326
859 6324
2086 6322
1370 6320
5224 6318
4147 6316
30 6314
5810 6312
4658 6310
4767 6308
4752 6306
83 6304
622 6302
3927 6300
3788 6298
1987 6296
2587 6294
1324 6292
1018 6290
5076 6288
1394 6286
3752 6284
4098 6282
935 6280
5685 6278
1875 6276
4393 6274
5553 6272
378 6270
3853 6268
4607 6266
1370 6264
5340 6262
3230 6260
5566 6258
5382 6256
3379 6254
4268 6252
3682 6250
2378 6248
1250 6246
1403 6244
581 6242
4925 6240
4781 6238
5204 6236
3185 6234
4700 6232
4782 6230
3973 6228
2286 6226
4650 6224
1382 6222
1166 6220
501 6218
4211 6216
157 6214
1608 6212
6001 6210
4717 6208
4862 6206
5077 6204
2175 6202
4646 6200
3380 6198
1224 6196
4549 6194
3590 6192
1844 6190
1057 6188
3857 6186
1072 6184
3050 6182
3848 6180
1623 6178
4551 6176
2281 6174
5576 6172
5871 6170
361 6168
1382 6166
1265 6164
204 6162
5211 6160
2169 6158
2243 6156
1587 6154
3435 6152
5852 6150
391 6148
673 6146
1251 6144
4637 6142
2968 6140
5950 6138
1981 6136
2419 6134
159 6132
611 6130
4844 6128
892 6126
4470 6124
4999 6122
4061 6120
1101 6118
3290 6116
4196 6114
551 6112
4421 6110
2100 6108
3891 6106
5207 6104
993 6102
52 6100
4291 6098
5104 6096
5390 6094
761 6092
4755 6090
3942 6088
533 6086
4565 6084
5262 6082
4847 6080
3089 6078
1076 6076
1618 6074
801 6072
3482 6070
5907 6068
705 6066
3517 6064
2683 6062
6040 6060
3476 6058
5044 6056
2460 6054
1254 6052
3968 6050
3464 6048
2780 6046
2113 6044
3357 6042
4491 6040
4791 6038
4060 6036
3359 6034
4417 6032
2423 6030
1731 6028
5403 6026
3230 6024
4774 6022
821 6020
682 6018
4666 6016
1447 6014
1921 6012
203 6010
3629 6008
1786 6006
2435 6004
1447 6002
829 6000
4535 5998
5690 5996
3282 5994
3592 5992
1618 5990
2874 5988
4442 5986
543 5984
4806 5982
4577 5980
5025 5978
4299 5976
2577 5974
4288 5972
1619 5970
5161 5968
2129 5966
5236 5964
3112 5962
5619 5960
5514 5958
2293 5956
300 5954
602 5952
2526 5950
2465 5948
2415 5946
3751 5944
718 5942
3572 5940
3953 5938
3819 5936
5612 5934
3837 5932
3874 5930
836 5928
4458 5926
4073 5924
3803 5922
5913 5920
3070 5918
5 5916
5614 5914
2482 5912
1833 5910
4596 5908
2952 5906
816 5904
1163 5902
1828 5900
2295 5898
4089 5896
3908 5894
1926 5892
2563 5890
3616 5888
5608 5886
3502 5884
3249 5882
3656 5880
3556 5878
5338 5876
4054 5874
980 5872
5633 5870
5640 5868
1004 5866
2043 5864
1101 5862
3695 5860
1716 5858
242 5856
2212 5854
2912 5852
1054 5850
775 5848
1100 5846
3444 5844
81 5842
4390 5840
2564 5838
1173 5836
5785 5834
1583 5832
4093 5830
72 5828
4480 5826
3455 5824
2100 5822
5024 5820
2482 5818
1935 5816
1784 5814
555 5812
1227 5810
193 5808
4397 5806
1303 5804
4333 5802
5698 5800
2914 5798
3086 5796
5741 5794
51 5792
231 5790
5473 5788
2964 5786
4102 5784
3513 5782
4721 5780
4840 5778
2568 5776
1809 5774
525 5772
4143 5770
2321 5768
1119 5766
3530 5764
5355 5762
1257 5760
2182 5758
1386 5756
680 5754
5476 5752
327 5750
4712 5748
4118 5746
3300 5744
3021 5742
378 5740
5299 5738
482 5736
2551 5734
1614 5732
3983 5730
398 5728
3371 5726
2998 5724
135 5722
4231 5720
148 5718
4876 5716
530 5714
5395 5712
2765 5710
2840 5708
368 5706
4796 5704
2304 5702
924 5700
4796 5698
320 5696
4606 5694
4999 5692
4320 5690
2463 5688
5240 5686
5651 5684
1670 5682
4976 5680
5263 5678
1886 5676
4245 5674
645 5672
4401 5670
1364 5668
1885 5666
4721 5664
4204 5662
142 5660
4485 5658
366 5656
3497 5654
172 5652
3948 5650
4174 5648
4343 5646
4262 5644
189 5642
84 5640
2398 5638
2187 5636
1027 5634
4099 5632
694 5630
4996 5628
5519 5626
266 5624
3292 5622
3579 5620
2395 5618
771 5616
2057 5614
4787 5612
1415 5610
133 5608
1836 5606
594 5604
1087 5602
2050 5600
2069 5598
2456 5596
4067 5594
4458 5592
3664 5590
4697 5588
902 5586
1748 5584
3446 5582
589 5580
47 5578
4244 5576
5450 5574
1989 5572
462 5570
2992 5568
4741 5566
1093 5564
1001 5562
4398 5560
2951 5558
2075 5556
2608 5554
3395 5552
1125 5550
3527 5548
3924 5546
373 5544
2944 5542
515 5540
751 5538
4106 5536
3918 5534
2034 5532
2621 5530
1521 5528
4824 5526
3584 5524
167 5522
4193 5520
5110 5518
4606 5516
3029 5514
2931 5512
3541 5510
4328 5508
1771 5506
3355 5504
2884 5502
4449 5500
3173 5498
4214 5496
3749 5494
5111 5492
5298 5490
1450 5488
3219 5486
651 5484
5420 5482
1423 5480
4457 5478
1648 5476
3397 5474
2505 5472
3119 5470
2983 5468
3739 5466
5454 5464
3556 5462
5173 5460
2276 5458
3268 5456
1656 5454
1585 5452
3262 5450
2210 5448
778 5446
2580 5444
4544 5442
805 5440
214 5438
3739 5436
391 5434
1426 5432
2178 5430
24 5428
1407 5426
4607 5424
2312 5422
4507 5420
3819 5418
2866 5416
690 5414
2317 5412
2639 5410
4658 5408
3875 5406
1444 5404
3717 5402
5079 5400
1938 5398
4193 5396
4058 5394
565 5392
3601 5390
3878 5388
3375 5386
2271 5384
2848 5382
2648 5380
2102 5378
2309 5376
4408 5374
864 5372
5107 5370
666 5368
457 5366
924 5364
336 5362
154 5360
4960 5358
3605 5356
5045 5354
187 5352
2825 5350
3630 5348
3047 5346
2690 5344
4824 5342
3024 5340
3030 5338
3781 5336
673 5334
5198 5332
1805 5330
5016 5328
5309 5326
3211 5324
3970 5322
1422 5320
576 5318
1845 5316
2895 5314
3020 5312
1022 5310
3624 5308
3693 5306
1893 5304
4417 5302
1442 5300
1483 5298
900 5296
817 5294
2936 5292
2634 5290
3534 5288
4458 5286
3341 5284
3623 5282
2751 5280
3579 5278
3515 5276
4295 5274
2015 5272
4880 5270
1012 5268
5147 5266
5235 5264
812 5262
1059 5260
3958 5258
1292 5256
3764 5254
3049 5252
3848 5250
2242 5248
4363 5246
948 5244
3968 5242
5234 5240
3401 5238
4752 5236
2508 5234
2167 5232
1015 5230
189 5228
3661 5226
98 5224
2673 5222
1509 5220
4966 5218
3816 5216
2466 5214
3303 5212
4893 5210
5189 5208
4871 5206
615 5204
4449 5202
3509 5200
2131 5198
1333 5196
465 5194
2364 5192
3470 5190
4770 5188
907 5186
1274 5184
2990 5182
4271 5180
1238 5178
2011 5176
2178 5174
1122 5172
2006 5170
3954 5168
4218 5166
4108 5164
1177 5162
2656 5160
1270 5158
3338 5156
3370 5154
3054 5152
2888 5150
785 5148
3319 5146
5061 5144
2406 5142
3016 5140
5071 5138
1713 5136
2638 5134
4459 5132
3405 5130
217 5128
2024 5126
4818 5124
965 5122
3051 5120
4167 5118
4510 5116
2289 5114
4293 5112
329 5110
1476 5108
2438 5106
1809 5104
858 5102
173 5100
239 5098
1951 5096
2866 5094
3657 5092
3792 5090
1951 5088
2015 5086
1757 5084
2240 5082
1953 5080
1342 5078
3401 5076
3023 5074
124 5072
2216 5070
4951 5068
1317 5066
3079 5064
2172 5062
1681 5060
1767 5058
1147 5056
416 5054
4245 5052
4907 5050
2785 5048
3539 5046
4872 5044
3499 5042
862 5040
1252 5038
518 5036
4665 5034
4498 5032
2559 5030
2438 5028
1130 5026
1385 5024
593 5022
568 5020
893 5018
989 5016
484 5014
1409 5012
4972 5010
973 5008
3459 5006
1593 5004
839 5002
4886 5000
2285 4998
3783 4996
1120 4994
287 4992
1062 4990
687 4988
4628 4986
987 4984
1649 4982
3934 4980
1184 4978
2708 4976
1295 4974
2532 4972
1395 4970
951 4968
2801 4966
1061 4964
3469 4962
3529 4960
3079 4958
77 4956
163 4954
4477 4952
3514 4950
392 4948
4693 4946
3237 4944
4155 4942
4830 4940
3031 4938
514 4936
3123 4934
4049 4932
433 4930
3767 4928
4161 4926
983 4924
2198 4922
3710 4920
4470 4918
4173 4916
306 4914
2775 4912
732 4910
4148 4908
3795 4906
114 4904
1600 4902
3313 4900
2059 4898
1958 4896
2211 4894
1037 4892
1264 4890
3396 4888
3019 4886
2817 4884
2713 4882
1427 4880
4092 4878
2347 4876
3792 4874
1984 4872
4394 4870
110 4868
1312 4866
1530 4864
1915 4862
2585 4860
221 4858
2170 4856
4444 4854
2358 4852
572 4850
716 4848
1210 4846
1572 4844
3528 4842
256 4840
1403 4838
3493 4836
1915 4834
1662 4832
1537 4830
1082 4828
2747 4826
2748 4824
1683 4822
2679 4820
4208 4818
1714 4816
4619 4814
2111 4812
977 4810
4620 4808
3393 4806
595 4804
4650 4802
510 4800
1651 4798
2468 4796
442 4794
2677 4792
3874 4790
1762 4788
2791 4786
349 4784
2152 4782
4086 4780
2941 4778
3707 4776
3737 4774
321 4772
2869 4770
1792 4768
2520 4766
750 4764
3546 4762
4552 4760
1205 4758
3325 4756
3410 4754
2123 4752
1477 4750
4049 4748
1262 4746
1017 4744
2162 4742
818 4740
1862 4738
3428 4736
1105 4734
2873 4732
1859 4730
506 4728
4502 4726
679 4724
2386 4722
1297 4720
1200 4718
1410 4716
689 4714
247 4712
173 4710
1079 4708
3518 4706
3531 4704
3 4702
3567 4700
4265 4698
492 4696
2496 4694
1012 4692
707 4690
119 4688
528 4686
2275 4684
1987 4682
3099 4680
1971 4678
1344 4676
379 4674
1956 4672
3799 4670
4128 4668
1910 4666
2100 4664
2460 4662
236 4660
1938 4658
291 4656
662 4654
4450 4652
4419 4650
2919 4648
3518 4646
228 4644
1913 4642
1504 4640
604 4638
1109 4636
2238 4634
1035 4632
1512 4630
3046 4628
4187 4626
215 4624
4388 4622
3466 4620
165 4618
2854 4616
4442 4614
3196 4612
700 4610
3250 4608
4252 4606
1213 4604
3725 4602
183 4600
3442 4598
2036 4596
4495 4594
454 4592
3205 4590
613 4588
364 4586
497 4584
3543 4582
2151 4580
2339 4578
326 4576
3838 4574
2024 4572
3038 4570
4042 4568
2540 4566
2868 4564
2097 4562
4407 4560
518 4558
2171 4556
1193 4554
3826 4552
2930 4550
209 4548
4037 4546
83 4544
3375 4542
714 4540
698 4538
4302 4536
2337 4534
649 4532
618 4530
3469 4528
4139 4526
1694 4524
2661 4522
2518 4520
2951 4518
1384 4516
3856 4514
1823 4512
292 4510
826 4508
937 4506
330 4504
1775 4502
945 4500
384 4498
3082 4496
3944 4494
2644 4492
3105 4490
2497 4488
3209 4486
4324 4484
2738 4482
3097 4480
2588 4478
3103 4476
4086 4474
308 4472
773 4470
4353 4468
3200 4466
1755 4464
4354 4462
7 4460
19 4458
1422 4456
4154 4454
2883 4452
3624 4450
367 4448
2933 4446
3614 4444
2605 4442
933 4440
2940 4438
1864 4436
3712 4434
4233 4432
991 4430
3475 4428
2890 4426
1606 4424
2858 4422
3673 4420
3947 4418
821 4416
2993 4414
4151 4412
1854 4410
1894 4408
1217 4406
2075 4404
3859 4402
1220 4400
3445 4398
1366 4396
2613 4394
3459 4392
739 4390
3992 4388
3520 4386
331 4384
3178 4382
3638 4380
2719 4378
2284 4376
879 4374
2074 4372
4186 4370
4015 4368
1470 4366
4190 4364
402 4362
419 4360
210 4358
3310 4356
2924 4354
3168 4352
2402 4350
3838 4348
1343 4346
2797 4344
2784 4342
73 4340
2751 4338
3437 4336
2806 4334
2131 4332
2609 4330
454 4328
1114 4326
3890 4324
2832 4322
728 4320
2384 4318
2181 4316
973 4314
2307 4312
11 4310
192 4308
3486 4306
2584 4304
2756 4302
2253 4300
3056 4298
3488 4296
2346 4294
3809 4292
1666 4290
151 4288
2828 4286
2578 4284
2431 4282
806 4280
1962 4278
1403 4276
2365 4274
1579 4272
2665 4270
3283 4268
434 4266
2274 4264
190 4262
2452 4260
1421 4258
1059 4256
1009 4254
3716 4252
4200 4250
4171 4248
2264 4246
3235 4244
1042 4242
3206 4240
1267 4238
363 4236
2994 4234
3279 4232
2081 4230
3482 4228
2601 4226
2190 4224
2825 4222
2367 4220
3358 4218
3828 4216
2790 4214
48 4212
1409 4210
3513 4208
1207 4206
1152 4204
2884 4202
2863 4200
3793 4198
4177 4196
449 4194
2991 4192
2542 4190
1506 4188
767 4186
2115 4184
1720 4182
2163 4180
3758 4178
85 4176
1405 4174
3114 4172
1689 4170
1440 4168
3788 4166
3737 4164
1480 4162
2561 4160
1832 4158
3318 4156
1710 4154
1793 4152
415 4150
3553 4148
1906 4146
3938 4144
3856 4142
3356 4140
420 4138
45 4136
2525 4134
897 4132
746 4130
1998 4128
404 4126
1314 4124
2041 4122
2068 4120
1344 4118
632 4116
2883 4114
3726 4112
1452 4110
4036 4108
1543 4106
1652 4104
2440 4102
181 4100
515 4098
1710 4096
2798 4094
134 4092
2929 4090
3275 4088
3327 4086
3040 4084
2478 4082
1954 4080
1257 4078
3636 4076
2264 4074
3545 4072
1099 4070
1279 4068
4054 4066
3577 4064
2923 4062
633 4060
2293 4058
1035 4056
27 4054
3331 4052
3888 4050
3032 4048
2753 4046
3886 4044
3466 4042
1491 4040
1987 4038
470 4036
111 4034
765 4032
1102 4030
1525 4028
2768 4026
2199 4024
1170 4022
2325 4020
698 4018
2467 4016
978 4014
896 4012
1410 4010
3105 4008
3256 4006
471 4004
2220 4002
3575 4000
4 3998
2213 3996
31 3994
616 3992
3118 3990
3645 3988
2849 3986
466 3984
3157 3982
2157 3980
2778 3978
87 3976
876 3974
3627 3972
3178 3970
799 3968
2403 3966
2601 3964
55 3962
2122 3960
2383 3958
2280 3956
25 3954
1938 3952
2361 3950
90 3948
3753 3946
3638 3944
2171 3942
3163 3940
62 3938
3777 3936
154 3934
1133 3932
1592 3930
1448 3928
3257 3926
1415 3924
2480 3922
1067 3920
1966 3918
2812 3916
1607 3914
215 3912
472 3910
1081 3908
3167 3906
1592 3904
1269 3902
519 3900
3225 3898
2024 3896
1542 3894
2504 3892
799 3890
28 3888
2177 3886
1692 3884
2801 3882
3568 3880
3273 3878
1468 3876
3357 3874
1533 3872
2690 3870
175 3868
576 3866
442 3864
3188 3862
920 3860
1134 3858
3439 3856
1705 3854
1658 3852
2046 3850
3515 3848
3767 3846
2193 3844
3093 3842
982 3840
675 3838
1681 3836
2794 3834
1890 3832
1759 3830
2265 3828
1094 3826
961 3824
2523 3822
3382 3820
48 3818
871 3816
407 3814
558 3812
1607 3810
1900 3808
934 3806
2731 3804
2447 3802
1607 3800
1395 3798
216 3796
3127 3794
1730 3792
730 3790
2104 3788
1705 3786
2317 3784
1297 3782
2024 3780
3223 3778
3234 3776
2749 3774
1355 3772
3607 3770
2750 3768
1225 3766
393 3764
3341 3762
3113 3760
3260 3758
848 3756
2765 3754
656 3752
856 3750
1667 3748
2747 3746
3472 3744
393 3742
3046 3740
3292 3738
2046 3736
419 3734
3551 3732
725 3730
1630 3728
456 3726
108 3724
1598 3722
520 3720
2786 3718
79 3716
3449 3714
2241 3712
1812 3710
2964 3708
3586 3706
129 3704
2659 3702
2544 3700
1592 3698
3392 3696
274 3694
2774 3692
2063 3690
2741 3688
1637 3686
3248 3684
2386 3682
2240 3680
70 3678
1860 3676
1966 3674
653 3672
2587 3670
3652 3668
2014 3666
370 3664
1805 3662
1224 3660
467 3658
534 3656
432 3654
1320 3652
609 3650
2650 3648
958 3646
63 3644
335 3642
1101 3640
3613 3638
880 3636
1015 3634
2229 3632
2782 3630
1205 3628
1891 3626
147 3624
1040 3622
244 3620
1634 3618
397 3616
507 3614
1496 3612
488 3610
1232 3608
3058 3606
3164 3604
1995 3602
514 3600
1347 3598
355 3596
2963 3594
456 3592
1617 3590
2919 3588
29 3586
3424 3584
1073 3582
66 3580
47 3578
2428 3576
385 3574
382 3572
370 3570
2292 3568
2604 3566
2775 3564
2234 3562
1825 3560
785 3558
1052 3556
1808 3554
2999 3552
1374 3550
3163 3548
1321 3546
1828 3544
207 3542
2739 3540
2562 3538
3460 3536
1579 3534
2878 3532
2954 3530
1450 3528
2541 3526
1087 3524
2104 3522
264 3520
2608 3518
736 3516
1563 3514
584 3512
386 3510
2418 3508
2980 3506
1439 3504
1958 3502
3263 3500
2363 3498
864 3496
2962 3494
3028 3492
767 3490
2467 3488
2773 3486
559 3484
717 3482
2571 3480
497 3478
1091 3476
1778 3474
2079 3472
1109 3470
1428 3468
1975 3466
1509 3464
253 3462
1547 3460
2277 3458
1200 3456
1880 3454
3214 3452
2066 3450
3187 3448
3089 3446
2852 3444
837 3442
1490 3440
1767 3438
2039 3436
1401 3434
2019 3432
2594 3430
356 3428
2749 3426
3249 3424
1111 3422
3176 3420
2899 3418
151 3416
2893 3414
2853 3412
729 3410
1457 3408
297 3406
1470 3404
2498 3402
1494 3400
0 3398
3281 3396
1039 3394
1693 3392
840 3390
2385 3388
23 3386
2267 3384
1961 3382
1577 3380
3300 3378
3366 3376
2791 3374
1689 3372
785 3370
3167 3368
2279 3366
2565 3364
2421 3362
2434 3360
543 3358
276 3356
1439 3354
2317 3352
2062 3350
3057 3348
1739 3346
3277 3344
478 3342
2359 3340
3003 3338
2367 3336
107 3334
2955 3332
1361 3330
855 3328
1280 3326
935 3324
291 3322
1741 3320
1172 3318
2266 3316
2014 3314
2857 3312
2306 3310
2902 3308
1126 3306
411 3304
1223 3302
967 3300
1612 3298
947 3296
588 3294
1567 3292
559 3290
1212 3288
987 3286
1417 3284
649 3282
1298 3280
1110 3278
2568 3276
346 3274
3009 3272
609 3270
2529 3268
169 3266
1683 3264
1820 3262
317 3260
2776 3258
2492 3256
1374 3254
380 3252
1241 3250
107 3248
1842 3246
1607 3244
557 3242
3155 3240
1823 3238
2692 3236
3162 3234
11 3232
1167 3230
2232 3228
1607 3226
1863 3224
232 3222
558 3220
2848 3218
938 3216
1324 3214
2551 3212
2040 3210
2468 3208
1631 3206
2667 3204
24 3202
1651 3200
2252 3198
2738 3196
2160 3194
1255 3192
2010 3190
2773 3188
76 3186
1437 3184
1102 3182
463 3180
2658 3178
2191 3176
439 3174
2901 3172
1592 3170
2245 3168
1428 3166
2826 3164
1125 3162
1869 3160
2486 3158
495 3156
914 3154
2908 3152
3107 3150
2942 3148
1693 3146
641 3144
1646 3142
1467 3140
207 3138
3090 3136
2577 3134
1535 3132
1687 3130
2522 3128
2991 3126
478 3124
746 3122
3073 3120
2969 3118
2071 3116
1210 3114
1886 3112
1278 3110
1139 3108
1558 3106
153 3104
673 3102
1406 3100
2787 3098
345 3096
2152 3094
1725 3092
946 3090
1398 3088
2165 3086
1992 3084
2455 3082
46 3080
3033 3078
1767 3076
2675 3074
575 3072
1121 3070
2723 3068
1797 3066
1248 3064
1729 3062
2768 3060
1435 3058
2501 3056
142 3054
1580 3052
1065 3050
2618 3048
2681 3046
1238 3044
1061 3042
1911 3040
1581 3038
2646 3036
2337 3034
659 3032
371 3030
1742 3028
1266 3026
305 3024
222 3022
424 3020
1305 3018
883 3016
2497 3014
546 3012
1328 3010
2912 3008
636 3006
1204 3004
1758 3002
1493 3000
2149 2998
1947 2996
2708 2994
215 2992
2202 2990
1975 2988
1061 2986
2296 2984
1159 2982
662 2980
129 2978
707 2976
1792 2974
0 2972
297 2970
219 2968
1742 2966
1862 2964
846 2962
549 2960
1563 2958
248 2956
434 2954
1506 2952
2337 2950
1017 2948
365 2946
442 2944
550 2942
691 2940
1890 2938
2585 2936
408 2934
819 2932
885 2930
1864 2928
214 2926
634 2924
1857 2922
1890 2920
2598 2918
2494 2916
844 2914
1273 2912
1629 2910
127 2908
494 2906
2458 2904
2514 2902
1170 2900
1947 2898
1146 2896
1238 2894
2873 2892
1299 2890
759 2888
2523 2886
546 2884
1372 2882
1664 2880
258 2878
364 2876
1310 2874
703 2872
523 2870
2731 2868
1158 2866
2343 2864
1535 2862
96 2860
2515 2858
2627 2856
976 2854
567 2852
1102 2850
2092 2848
2293 2846
1148 2844
1359 2842
112 2840
724 2838
1858 2836
2578 2834
30 2832
169 2830
1083 2828
791 2826
362 2824
1977 2822
1112 2820
1199 2818
2769 2816
2283 2814
793 2812
2663 2810
2770 2808
2117 2806
2558 2804
595 2802
2502 2800
1162 2798
2652 2796
2185 2794
2787 2792
1337 2790
1847 2788
2669 2786
2267 2784
1050 2782
307 2780
2723 2778
2471 2776
2338 2774
2715 2772
1416 2770
240 2768
1397 2766
1922 2764
494 2762
1270 2760
1225 2758
1843 2756
2320 2754
2242 2752
1050 2750
1406 2748
902 2746
421 2744
854 2742
957 2740
1457 2738
1509 2736
1837 2734
193 2732
1804 2730
923 2728
1456 2726
344 2724
474 2722
280 2720
1721 2718
2038 2716
1892 2714
787 2712
1055 2710
2163 2708
2090 2706
1826 2704
2205 2702
1802 2700
943 2698
968 2696
1586 2694
1547 2692
2368 2690
909 2688
1034 2686
1510 2684
145 2682
2113 2680
1871 2678
836 2676
2401 2674
1553 2672
1981 2670
1447 2668
430 2666
2079 2664
1970 2662
541 2660
1758 2658
810 2656
670 2654
2140 2652
2498 2650
1554 2648
2541 2646
1924 2644
1687 2642
1037 2640
640 2638
2408 2636
973 2634
172 2632
2240 2630
1435 2628
180 2626
807 2624
1645 2622
202 2620
2269 2618
117 2616
1344 2614
304 2612
1942 2610
1538 2608
2428 2606
2070 2604
2374 2602
1766 2600
2003 2598
472 2596
1557 2594
841 2592
1067 2590
1305 2588
313 2586
2261 2584
2375 2582
1156 2580
146 2578
1143 2576
1739 2574
296 2572
886 2570
1138 2568
2322 2566
1566 2564
391 2562
1352 2560
700 2558
422 2556
2318 2554
1042 2552
684 2550
1594 2548
1678 2546
1690 2544
1185 2542
1634 2540
858 2538
1379 2536
1657 2534
1223 2532
757 2530
2178 2528
1435 2526
1810 2524
232 2522
1548 2520
2149 2518
418 2516
1424 2514
2475 2512
2023 2510
2107 2508
1014 2506
58 2504
1030 2502
1816 2500
731 2498
37 2496
771 2494
24 2492
316 2490
2138 2488
2168 2486
764 2484
1256 2482
2114 2480
2261 2478
2267 2476
910 2474
2137 2472
1811 2470
2312 2468
340 2466
1877 2464
1407 2462
982 2460
1311 2458
2380 2456
1542 2454
590 2452
148 2450
1067 2448
419 2446
965 2444
1050 2442
792 2440
1290 2438
1580 2436
149 2434
1756 2432
793 2430
325 2428
51 2426
1556 2424
357 2422
276 2420
2252 2418
1407 2416
2116 2414
1648 2412
1727 2410
606 2408
1041 2406
1833 2404
667 2402
1883 2400
701 2398
124 2396
757 2394
576 2392
1871 2390
734 2388
677 2386
1874 2384
252 2382
1165 2380
1677 2378
2371 2376
613 2374
27 2372
386 2370
121 2368
1845 2366
2351 2364
502 2362
1968 2360
2350 2358
703 2356
2115 2354
356 2352
325 2350
1156 2348
211 2346
1814 2344
1047 2342
1391 2340
516 2338
2144 2336
1127 2334
885 2332
1376 2330
1992 2328
1097 2326
2190 2324
1350 2322
718 2320
116 2318
2303 2316
2035 2314
765 2312
198 2310
1326 2308
1954 2306
2123 2304
1813 2302
1622 2300
889 2298
1067 2296
2066 2294
1483 2292
514 2290
1734 2288
1897 2286
761 2284
2195 2282
1794 2280
406 2278
1599 2276
633 2274
1015 2272
251 2270
1553 2268
1364 2266
43 2264
1405 2262
1316 2260
636 2258
105 2256
370 2254
1555 2252
998 2250
1952 2248
1698 2246
428 2244
1684 2242
77 2240
1752 2238
1601 2236
1678 2234
1088 2232
154 2230
1322 2228
1578 2226
954 2224
1789 2222
1226 2220
1602 2218
1290 2216
2122 2214
43 2212
1981 2210
21 2208
1359 2206
914 2204
1824 2202
340 2200
1908 2198
1474 2196
684 2194
199 2192
692 2190
1195 2188
381 2186
771 2184
1394 2182
1389 2180
1475 2178
251 2176
1071 2174
1193 2172
1866 2170
689 2168
1929 2166
1912 2164
105 2162
744 2160
896 2158
2150 2156
1096 2154
2147 2152
445 2150
307 2148
1750 2146
361 2144
929 2142
792 2140
1732 2138
1581 2136
934 2134
795 2132
1781 2130
1936 2128
761 2126
365 2124
900 2122
208 2120
663 2118
1967 2116
1591 2114
1440 2112
679 2110
2049 2108
785 2106
885 2104
1596 2102
160 2100
1478 2098
790 2096
591 2094
1202 2092
744 2090
2011 2088
1512 2086
1379 2084
1328 2082
886 2080
1242 2078
1238 2076
2071 2074
1696 2072
1883 2070
567 2068
201 2066
81 2064
482 2062
1135 2060
750 2058
90 2056
1149 2054
84 2052
931 2050
1079 2048
1475 2046
162 2044
110 2042
2037 2040
1831 2038
1474 2036
1133 2034
1958 2032
1904 2030
1245 2028
1825 2026
1735 2024
1387 2022
1359 2020
1461 2018
653 2016
1127 2014
1899 2012
1103 2010
364 2008
1917 2006
1415 2004
1344 2002
1022 2000
762 1998
570 1996
442 1994
515 1992
65 1990
583 1988
239 1986
1073 1984
1629 1982
1717 1980
1441 1978
611 1976
963 1974
302 1972
837 1970
515 1968
757 1966
1628 1964
1358 1962
257 1960
1858 1958
1055 1956
763 1954
1260 1952
1836 1950
1492 1948
1580 1946
938 1944
1583 1942
402 1940
1063 1938
240 1936
471 1934
267 1932
1175 1930
198 1928
1206 1926
814 1924
687 1922
258 1920
1156 1918
1603 1916
1913 1914
447 1912
1044 1910
790 1908
1322 1906
28 1904
206 1902
1013 1900
1133 1898
1385 1896
103 1894
145 1892
1609 1890
647 1888
486 1886
329 1884
1075 1882
693 1880
1017 1878
137 1876
1578 1874
1222 1872
715 1870
241 1868
172 1866
1345 1864
636 1862
835 1860
1430 1858
546 1856
860 1854
892 1852
550 1850
797 1848
1400 1846
1535 1844
1767 1842
1146 1840
1393 1838
1544 1836
1296 1834
75 1832
1336 1830
560 1828
915 1826
290 1824
905 1822
903 1820
351 1818
881 1816
1017 1814
1178 1812
639 1810
436 1808
1323 1806
198 1804
1688 1802
1062 1800
1093 1798
1706 1796
670 1794
204 1792
320 1790
438 1788
1613 1786
1173 1784
423 1782
810 1780
528 1778
1295 1776
154 1774
1070 1772
1446 1770
278 1768
958 1766
929 1764
237 1762
418 1760
1308 1758
774 1756
227 1754
662 1752
274 1750
82 1748
100 1746
1012 1744
199 1742
950 1740
126 1738
1000 1736
850 1734
940 1732
707 1730
654 1728
661 1726
1432 1724
789 1722
1078 1720
1107 1718
468 1716
525 1714
627 1712
348 1710
1236 1708
1386 1706
1230 1704
770 1702
1544 1700
941 1698
48 1696
680 1694
827 1692
23 1690
683 1688
879 1686
294 1684
1679 1682
113 1680
1617 1678
472 1676
362 1674
1404 1672
335 1670
760 1668
1337 1666
1092 1664
937 1662
1122 1660
615 1658
324 1656
298 1654
851 1652
1142 1650
535 1648
871 1646
1475 1644
1011 1642
990 1640
670 1638
480 1636
652 1634
1608 1632
1143 1630
861 1628
704 1626
980 1624
233 1622
3 1620
1232 1618
555 1616
615 1614
335 1612
278 1610
1255 1608
509 1606
1372 1604
23 1602
1180 1600
1240 1598
1299 1596
1084 1594
1231 1592
1251 1590
1156 1588
450 1586
56 1584
652 1582
528 1580
457 1578
868 1576
400 1574
1059 1572
1317 1570
739 1568
893 1566
1164 1564
1118 1562
856 1560
1081 1558
436 1556
830 1554
66 1552
763 1550
739 1548
81 1546
699 1544
138 1542
871 1540
469 1538
870 1536
440 1534
803 1532
466 1530
339 1528
862 1526
389 1524
469 1522
1388 1520
1090 1518
293 1516
240 1514
491 1512
1385 1510
587 1508
316 1506
1214 1504
1211 1502
1357 1500
1469 1498
354 1496
990 1494
1027 1492
182 1490
224 1488
1163 1486
1397 1484
1470 1482
73 1480
763 1478
1263 1476
1287 1474
1181 1472
630 1470
1177 1468
775 1466
1127 1464
31 1462
253 1460
1212 1458
26 1456
83 1454
633 1452
818 1450
798 1448
676 1446
1143 1444
361 1442
1065 1440
448 1438
998 1436
1026 1434
844 1432
263 1430
915 1428
388 1426
1241 1424
1133 1422
483 1420
324 1418
1072 1416
125 1414
1142 1412
1016 1410
1085 1408
453 1406
1244 1404
801 1402
122 1400
879 1398
1229 1396
855 1394
327 1392
375 1390
1011 1388
707 1386
67 1384
1176 1382
1110 1380
447 1378
604 1376
1022 1374
47 1372
837 1370
1090 1368
392 1366
224 1364
644 1362
1155 1360
295 1358
569 1356
733 1354
1124 1352
901 1350
1011 1348
484 1346
172 1344
473 1342
187 1340
867 1338
1101 1336
527 1334
827 1332
1126 1330
363 1328
425 1326
1237 1324
1275 1322
855 1320
964 1318
420 1316
228 1314
186 1312
600 1310
971 1308
1299 1306
1003 1304
476 1302
85 1300
472 1298
1266 1296
1223 1294
237 1292
353 1290
585 1288
107 1286
599 1284
1189 1282
796 1280
350 1278
1240 1276
555 1274
708 1272
649 1270
1214 1268
556 1266
291 1264
254 1262
806 1260
615 1258
263 1256
153 1254
1133 1252
93 1250
957 1248
55 1246
536 1244
896 1242
993 1240
828 1238
728 1236
1182 1234
784 1232
720 1230
247 1228
244 1226
525 1224
311 1222
656 1220
647 1218
55 1216
73 1214
49 1212
1031 1210
53 1208
1012 1206
336 1204
1060 1202
265 1200
748 1198
199 1196
481 1194
182 1192
743 1190
447 1188
191 1186
210 1184
91 1182
1035 1180
338 1178
1126 1176
472 1174
411 1172
991 1170
621 1168
904 1166
1010 1164
139 1162
25 1160
1101 1158
672 1156
861 1154
307 1152
37 1150
962 1148
837 1146
451 1144
308 1142
630 1140
670 1138
282 1136
345 1134
906 1132
187 1130
329 1128
1041 1126
328 1124
654 1122
282 1120
889 1118
880 1116
873 1114
700 1112
333 1110
1006 1108
788 1106
101 1104
640 1102
200 1100
1035 1098
454 1096
144 1094
775 1092
54 1090
673 1088
518 1086
1028 1084
810 1082
478 1080
300 1078
320 1076
443 1074
783 1072
811 1070
511 1068
360 1066
1024 1064
442 1062
951 1060
909 1058
582 1056
606 1054
829 1052
711 1050
293 1048
154 1046
99 1044
879 1042
862 1040
24 1038
803 1036
150 1034
889 1032
671 1030
875 1028
187 1026
730 1024
129 1022
674 1020
720 1018
310 1016
478 1014
766 1012
50 1010
639 1008
93 1006
7 1004
94 1002
842 1000
919 998
85 996
264 994
760 992
195 990
511 988
356 986
796 984
530 982
523 980
251 978
225 976
422 974
207 972
906 970
186 968
408 966
413 964
55 962
279 960
42 958
409 956
34 954
798 952
479 950
506 948
369 946
844 944
452 942
699 940
312 938
871 936
420 934
25 932
263 930
228 928
718 926
620 924
528 922
159 920
856 918
810 916
431 914
206 912
871 910
23 908
459 906
41 904
475 902
62 900
501 898
699 896
792 894
274 892
496 890
187 888
875 886
230 884
337 882
413 880
163 878
283 876
786 874
84 872
197 870
744 868
359 866
829 864
231 862
447 860
705 858
525 856
134 854
78 852
86 850
212 848
2 846
202 844
496 842
400 840
261 838
222 836
282 834
310 832
811 830
394 828
340 826
240 824
580 822
573 820
755 818
386 816
485 814
11 812
781 810
8 808
737 806
549 804
662 802
192 800
501 798
445 796
269 794
683 792
192 790
718 788
735 786
454 784
42 782
241 780
577 778
643 776
490 774
645 772
562 770
64 768
134 766
696 764
7 762
735 760
330 758
535 756
708 754
66 752
558 750
676 748
375 746
723 744
716 742
226 740
272 738
411 736
206 734
516 732
372 730
372 728
258 726
457 724
82 722
535 720
57 718
331 716
609 714
421 712
85 710
432 708
41 706
461 704
80 702
660 700
27 698
505 696
405 694
70 692
307 690
573 688
680 686
462 684
281 682
602 680
177 678
635 676
534 674
114 672
259 670
361 668
11 666
302 664
63 662
212 660
580 658
471 656
416 654
476 652
346 650
201 648
51 646
220 644
71 642
122 640
629 638
546 636
195 634
109 632
287 630
216 628
170 626
502 624
486 622
512 620
56 618
88 616
282 614
399 612
155 610
436 608
531 606
560 604
234 602
439 600
453 598
474 596
124 594
225 592
300 590
267 588
356 586
256 584
410 582
466 580
360 578
235 576
185 574
309 572
154 570
370 568
274 566
328 564
443 562
214 560
385 558
287 556
475 554
94 552
486 550
379 548
159 546
193 544
106 542
361 540
370 538
219 536
160 534
459 532
451 530
111 528
525 526
119 524
224 522
178 520
102 518
76 516
229 514
170 512
140 510
396 508
403 506
235 504
196 502
324 500
12 498
71 496
357 494
295 492
308 490
151 488
316 486
268 484
475 482
39 480
50 478
182 476
421 474
95 472
297 470
52 468
15 466
37 464
13 462
277 460
220 458
411 456
344 454
59 452
91 450
275 448
357 446
9 444
79 442
336 440
241 438
28 436
176 434
414 432
120 430
210 428
71 426
366 424
31 422
158 420
295 418
200 416
265 414
330 412
156 410
354 408
193 406
340 404
186 402
140 400
281 398
102 396
387 394
149 392
139 390
92 388
246 386
221 384
12 382
160 380
22 378
329 376
275 374
59 372
219 370
221 368
176 366
112 364
259 362
109 360
223 358
150 356
306 354
249 352
209 350
146 348
148 346
324 344
246 342
52 340
221 338
81 336
144 334
87 332
108 330
280 328
131 326
99 324
133 322
191 320
163 318
274 316
44 314
77 312
166 310
80 308
243 306
136 304
260 302
69 300
268 298
230 296
226 294
31 292
56 290
24 288
121 286
264 284
49 282
77 280
151 278
118 276
75 274
133 272
256 270
259 268
36 266
68 264
79 262
34 260
34 258
163 256
182 254
241 252
202 250
76 248
200 246
205 244
33 242
7 240
175 238
213 236
180 234
34 232
109 230
32 228
124 226
127 224
149 222
87 220
105 218
179 216
48 214
13 212
32 210
148 208
202 206
37 204
152 202
96 200
38 198
123 196
188 194
115 192
110 190
115 188
77 186
105 184
103 182
72 180
27 178
78 176
130 174
81 172
143 170
160 168
136 166
63 164
38 162
75 160
110 158
116 156
86 154
36 152
40 150
130 148
136 146
29 144
47 142
125 140
76 138
12 136
63 134
80 132
97 130
109 128
119 126
28 124
41 122
23 120
10 118
83 116
58 114
19 112
8 110
0 108
58 106
12 104
40 102
97 100
46 98
27 96
81 94
12 92
39 90
70 88
9 86
39 84
25 82
10 80
11 78
43 76
0 74
37 72
15 70
32 68
41 66
24 64
1 62
47 60
28 58
29 56
46 54
45 52
41 50
3 48
35 46
38 44
13 42
6 40
0 38
24 36
31 34
11 32
25 30
12 28
2 26
18 24
6 22
13 20
1 18
7 16
7 14
8 12
9 10
2 8
1 6
1 4
1 2
