427 1200
1014 1198
541 1196
609 1194
1160 1192
550 1190
648 1188
1058 1186
1062 1184
1015 1182
543 1180
308 1178
236 1176
279 1174
766 1172
394 1170
523 1168
484 1166
350 1164
490 1162
682 1160
1017 1158
681 1156
1030 1154
815 1152
1041 1150
578 1148
952 1146
778 1144
381 1142
815 1140
979 1138
905 1136
1061 1134
189 1132
56 1130
398 1128
532 1126
115 1124
343 1122
813 1120
943 1118
562 1116
884 1114
93 1112
589 1110
606 1108
3 1106
1052 1104
94 1102
878 1100
1043 1098
1073 1096
848 1094
226 1092
448 1090
56 1088
253 1086
243 1084
599 1082
687 1080
770 1078
212 1076
168 1074
751 1072
280 1070
971 1068
478 1066
793 1064
627 1062
4 1060
345 1058
898 1056
922 1054
720 1052
50 1050
122 1048
488 1046
459 1044
155 1042
291 1040
897 1038
718 1036
826 1034
517 1032
571 1030
600 1028
166 1026
358 1024
289 1022
371 1020
742 1018
862 1016
827 1014
512 1012
544 1010
971 1008
905 1006
972 1004
259 1002
544 1000
113 998
7 996
211 994
726 992
481 990
77 988
556 986
313 984
185 982
164 980
146 978
703 976
654 974
278 972
388 970
180 968
821 966
930 964
902 962
480 960
434 958
364 956
313 954
916 952
538 950
136 948
922 946
578 944
205 942
308 940
37 938
280 936
179 934
793 932
29 930
757 928
99 926
169 924
293 922
381 920
798 918
881 916
475 914
107 912
225 910
759 908
780 906
838 904
323 902
146 900
76 898
664 896
288 894
790 892
756 890
550 888
832 886
582 884
286 882
149 880
818 878
729 876
598 874
122 872
842 870
460 868
275 866
395 864
100 862
649 860
691 858
300 856
842 854
654 852
533 850
5 848
188 846
316 844
112 842
832 840
712 838
136 836
28 834
357 832
501 830
352 828
754 826
292 824
482 822
433 820
683 818
753 816
718 814
605 812
11 810
123 808
362 806
322 804
630 802
466 800
185 798
648 796
432 794
350 792
277 790
387 788
476 786
574 784
161 782
97 780
491 778
356 776
546 774
280 772
530 770
732 768
555 766
746 764
199 762
598 760
268 758
388 756
364 754
79 752
648 750
40 748
29 746
579 744
268 742
602 740
213 738
502 736
633 734
435 732
68 730
488 728
276 726
128 724
194 722
181 720
232 718
398 716
648 714
338 712
333 710
163 708
505 706
371 704
538 702
232 700
34 698
325 696
634 694
573 692
385 690
626 688
407 686
284 684
423 682
17 680
377 678
205 676
402 674
123 672
449 670
608 668
443 666
118 664
51 662
116 660
382 658
588 656
445 654
339 652
369 650
93 648
88 646
269 644
287 642
283 640
187 638
17 636
255 634
2 632
244 630
218 628
536 626
497 624
343 622
382 620
373 618
44 616
304 614
356 612
570 610
407 608
309 606
0 604
446 602
274 600
201 598
366 596
324 594
4 592
414 590
143 588
396 586
249 584
280 582
74 580
255 578
553 576
196 574
536 572
126 570
111 568
435 566
85 564
71 562
142 560
98 558
555 556
341 554
58 552
199 550
36 548
54 546
359 544
271 542
364 540
179 538
260 536
229 534
301 532
245 530
202 528
515 526
350 524
296 522
418 520
403 518
98 516
401 514
396 512
145 510
478 508
487 506
306 504
333 502
437 500
263 498
425 496
486 494
116 492
161 490
433 488
370 486
155 484
432 482
458 480
405 478
135 476
90 474
335 472
101 470
253 468
177 466
414 464
139 462
199 460
247 458
144 456
404 454
258 452
355 450
318 448
313 446
430 444
309 442
146 440
295 438
390 436
293 434
107 432
346 430
342 428
424 426
202 424
335 422
60 420
403 418
168 416
101 414
386 412
281 410
304 408
160 406
358 404
300 402
85 400
247 398
302 396
145 394
193 392
32 390
280 388
197 386
341 384
223 382
138 380
250 378
324 376
235 374
17 372
309 370
146 368
107 366
23 364
55 362
89 360
341 358
92 356
133 354
152 352
290 350
315 348
137 346
90 344
71 342
90 340
296 338
119 336
166 334
145 332
142 330
126 328
263 326
98 324
154 322
283 320
71 318
3 316
274 314
166 312
225 310
294 308
286 306
221 304
67 302
166 300
29 298
262 296
81 294
33 292
117 290
166 288
190 286
4 284
204 282
112 280
189 278
70 276
216 274
9 272
244 270
104 268
189 266
196 264
92 262
40 260
221 258
146 256
89 254
223 252
231 250
142 248
78 246
20 244
136 242
213 240
131 238
117 236
162 234
209 232
50 230
112 228
111 226
26 224
68 222
101 220
31 218
131 216
44 214
102 212
175 210
55 208
103 206
89 204
147 202
196 200
63 198
182 196
149 194
78 192
88 190
39 188
48 186
74 184
4 182
83 180
103 178
99 176
147 174
115 172
116 170
46 168
151 166
162 164
79 162
153 160
82 158
119 156
77 154
44 152
52 150
68 148
15 146
82 144
107 142
83 140
35 138
8 136
24 134
34 132
114 130
28 128
56 126
108 124
43 122
49 120
5 118
90 116
23 114
49 112
68 110
55 108
29 106
66 104
72 102
15 100
57 98
4 96
32 94
91 92
6 90
16 88
28 86
58 84
19 82
45 80
18 78
61 76
32 74
15 72
64 70
30 68
35 66
60 64
28 62
33 60
26 58
1 56
49 54
29 52
27 50
12 48
41 46
30 44
29 42
2 40
7 38
3 36
3 34
26 32
9 30
18 28
25 26
0 24
5 22
15 20
2 18
2 16
0 14
8 12
5 10
4 8
3 6
2 4
1 2
