916 1600
1449 1598
1270 1596
190 1594
962 1592
1056 1590
403 1588
1248 1586
218 1584
1154 1582
497 1580
1027 1578
1553 1576
719 1574
676 1572
454 1570
905 1568
1090 1566
687 1564
372 1562
1515 1560
1333 1558
35 1556
677 1554
1497 1552
1289 1550
1087 1548
1078 1546
247 1544
87 1542
1142 1540
539 1538
567 1536
1273 1534
1495 1532
747 1530
1068 1528
685 1526
200 1524
1454 1522
1191 1520
723 1518
631 1516
618 1514
1377 1512
808 1510
1126 1508
1482 1506
42 1504
760 1502
1247 1500
599 1498
881 1496
284 1494
76 1492
167 1490
134 1488
491 1486
1439 1484
945 1482
1141 1480
1207 1478
392 1476
167 1474
457 1472
389 1470
930 1468
822 1466
911 1464
1439 1462
869 1460
100 1458
314 1456
443 1454
657 1452
713 1450
1186 1448
1163 1446
615 1444
1306 1442
1395 1440
171 1438
207 1436
446 1434
1404 1432
125 1430
152 1428
1157 1426
613 1424
529 1422
1043 1420
1133 1418
1339 1416
0 1414
1266 1412
1204 1410
106 1408
598 1406
650 1404
108 1402
457 1400
953 1398
133 1396
146 1394
393 1392
20 1390
1370 1388
436 1386
1236 1384
670 1382
537 1380
1068 1378
190 1376
652 1374
890 1372
1341 1370
946 1368
41 1366
747 1364
411 1362
720 1360
894 1358
1051 1356
484 1354
544 1352
623 1350
528 1348
1325 1346
314 1344
442 1342
1057 1340
421 1338
784 1336
521 1334
419 1332
82 1330
182 1328
1201 1326
969 1324
53 1322
188 1320
433 1318
1201 1316
647 1314
779 1312
165 1310
144 1308
884 1306
883 1304
284 1302
4 1300
146 1298
69 1296
560 1294
556 1292
106 1290
442 1288
247 1286
128 1284
15 1282
475 1280
901 1278
698 1276
645 1274
619 1272
696 1270
958 1268
634 1266
866 1264
776 1262
1028 1260
1013 1258
290 1256
171 1254
738 1252
912 1250
1188 1248
868 1246
156 1244
820 1242
500 1240
412 1238
1185 1236
88 1234
574 1232
254 1230
294 1228
804 1226
606 1224
414 1222
608 1220
975 1218
885 1216
458 1214
997 1212
1207 1210
900 1208
83 1206
53 1204
906 1202
9 1200
280 1198
556 1196
830 1194
673 1192
647 1190
586 1188
9 1186
861 1184
399 1182
846 1180
1025 1178
15 1176
560 1174
429 1172
1079 1170
647 1168
124 1166
506 1164
850 1162
187 1160
75 1158
782 1156
538 1154
224 1152
256 1150
668 1148
163 1146
211 1144
37 1142
626 1140
926 1138
989 1136
1030 1134
269 1132
618 1130
104 1128
670 1126
1073 1124
761 1122
489 1120
606 1118
1060 1116
555 1114
848 1112
379 1110
857 1108
721 1106
835 1104
231 1102
313 1100
154 1098
623 1096
2 1094
515 1092
714 1090
473 1088
833 1086
684 1084
870 1082
43 1080
713 1078
377 1076
233 1074
895 1072
479 1070
990 1068
6 1066
226 1064
682 1062
450 1060
482 1058
695 1056
734 1054
679 1052
53 1050
0 1048
699 1046
437 1044
370 1042
956 1040
597 1038
651 1036
307 1034
699 1032
440 1030
515 1028
340 1026
453 1024
908 1022
985 1020
165 1018
708 1016
706 1014
446 1012
594 1010
668 1008
166 1006
747 1004
410 1002
789 1000
675 998
49 996
348 994
100 992
323 990
611 988
752 986
204 984
727 982
245 980
331 978
691 976
542 974
211 972
188 970
615 968
828 966
899 964
864 962
780 960
633 958
250 956
938 954
611 952
727 950
784 948
292 946
910 944
674 942
731 940
118 938
678 936
557 934
617 932
914 930
738 928
529 926
519 924
603 922
822 920
205 918
155 916
817 914
886 912
343 910
765 908
703 906
796 904
139 902
822 900
177 898
733 896
807 894
733 892
145 890
311 888
489 886
589 884
210 882
686 880
711 878
299 876
470 874
156 872
702 870
129 868
651 866
581 864
843 862
516 860
146 858
529 856
802 854
87 852
244 850
778 848
723 846
12 844
493 842
541 840
728 838
4 836
115 834
686 832
548 830
44 828
648 826
546 824
17 822
369 820
454 818
293 816
158 814
574 812
651 810
572 808
83 806
199 804
276 802
312 800
427 798
359 796
9 794
84 792
506 790
597 788
350 786
445 784
718 782
122 780
97 778
390 776
509 774
181 772
435 770
249 768
13 766
421 764
515 762
567 760
353 758
299 756
130 754
440 752
66 750
92 748
385 746
521 744
417 742
48 740
429 738
617 736
461 734
456 732
250 730
222 728
84 726
560 724
536 722
329 720
360 718
444 716
464 714
91 712
75 710
362 708
68 706
604 704
246 702
298 700
146 698
242 696
44 694
560 692
195 690
599 688
36 686
523 684
650 682
577 680
574 678
642 676
173 674
404 672
222 670
283 668
351 666
643 664
390 662
515 660
126 658
227 656
127 654
633 652
421 650
319 648
170 646
577 644
86 642
101 640
494 638
35 636
140 634
572 632
454 630
324 628
306 626
560 624
530 622
536 620
557 618
317 616
583 614
369 612
423 610
596 608
193 606
202 604
374 602
309 600
325 598
336 596
232 594
35 592
19 590
371 588
160 586
541 584
450 582
197 580
54 578
316 576
168 574
553 572
534 570
349 568
215 566
157 564
287 562
322 560
503 558
486 556
74 554
409 552
484 550
252 548
269 546
427 544
243 542
277 540
425 538
90 536
315 534
271 532
286 530
290 528
305 526
238 524
51 522
148 520
402 518
157 516
251 514
249 512
387 510
399 508
233 506
385 504
444 502
363 500
186 498
476 496
150 494
38 492
378 490
320 488
15 486
454 484
186 482
320 480
164 478
353 476
206 474
353 472
173 470
421 468
447 466
422 464
157 462
437 460
22 458
31 456
164 454
150 452
121 450
379 448
8 446
172 444
293 442
82 440
400 438
186 436
376 434
293 432
171 430
152 428
44 426
411 424
139 422
278 420
311 418
367 416
290 414
312 412
238 410
405 408
133 406
278 404
260 402
352 400
287 398
295 396
393 394
129 392
211 390
242 388
183 386
189 384
52 382
237 380
337 378
45 376
266 374
130 372
5 370
169 368
120 366
100 364
158 362
218 360
134 358
234 356
228 354
299 352
109 350
44 348
154 346
198 344
96 342
138 340
327 338
146 336
310 334
207 332
150 330
6 328
250 326
112 324
97 322
33 320
6 318
171 316
308 314
304 312
37 310
110 308
173 306
62 304
206 302
181 300
1 298
136 296
234 294
49 292
230 290
74 288
61 286
32 284
209 282
67 280
210 278
159 276
87 274
94 272
147 270
43 268
104 266
113 264
162 262
28 260
141 258
10 256
190 254
201 252
236 250
107 248
145 246
231 244
40 242
194 240
236 238
39 236
68 234
191 232
27 230
100 228
12 226
80 224
172 222
90 220
33 218
186 216
3 214
91 212
15 210
177 208
157 206
39 204
86 202
146 200
118 198
7 196
74 194
110 192
44 190
123 188
143 186
24 184
92 182
124 180
99 178
47 176
40 174
99 172
129 170
109 168
102 166
122 164
76 162
136 160
90 158
155 156
76 154
0 152
81 150
115 148
42 146
78 144
79 142
118 140
50 138
113 136
129 134
128 132
127 130
117 128
109 126
7 124
34 122
49 120
13 118
58 116
5 114
58 112
68 110
85 108
2 106
100 104
57 102
56 100
73 98
13 96
56 94
55 92
27 90
13 88
25 86
44 84
18 82
57 80
60 78
10 76
16 74
64 72
43 70
40 68
32 66
35 64
37 62
25 60
37 58
2 56
43 54
19 52
44 50
14 48
19 46
35 44
6 42
38 40
1 38
7 36
15 34
21 32
4 30
14 28
12 26
7 24
20 22
1 20
17 18
9 16
9 14
11 12
3 10
4 8
3 6
2 4
0 2
