0 2
2 4
1 6
1 8
5 10
2 12
0 14
10 16
1 18
18 20
3 22
12 24
18 26
18 28
18 30
8 32
30 34
25 36
13 38
26 40
31 42
40 44
35 46
22 48
38 50
24 52
28 54
36 56
50 58
11 60
35 62
56 64
37 66
5 68
27 70
4 72
49 74
3 76
73 78
51 80
22 82
23 84
39 86
7 88
63 90
0 92
65 94
23 96
22 98
48 100
77 102
0 104
77 106
91 108
66 110
53 112
87 114
89 116
7 118
88 120
23 122
61 124
47 126
105 128
11 130
124 132
41 134
55 136
102 138
18 140
115 142
88 144
91 146
98 148
117 150
31 152
147 154
3 156
8 158
89 160
52 162
116 164
150 166
147 168
55 170
117 172
111 174
56 176
79 178
143 180
145 182
17 184
178 186
50 188
151 190
131 192
9 194
79 196
196 198
72 200
192 202
76 204
153 206
95 208
164 210
54 212
8 214
83 216
86 218
29 220
61 222
34 224
59 226
99 228
120 230
52 232
127 234
25 236
103 238
88 240
200 242
113 244
108 246
194 248
8 250
9 252
115 254
36 256
161 258
13 260
239 262
88 264
168 266
99 268
88 270
105 272
270 274
221 276
20 278
138 280
271 282
127 284
184 286
220 288
132 290
231 292
140 294
103 296
174 298
298 300
97 302
245 304
32 306
106 308
237 310
16 312
272 314
103 316
149 318
158 320
29 322
307 324
254 326
121 328
223 330
219 332
204 334
256 336
242 338
328 340
101 342
320 344
335 346
325 348
4 350
316 352
152 354
106 356
50 358
143 360
238 362
93 364
153 366
222 368
70 370
228 372
223 374
154 376
208 378
171 380
242 382
364 384
285 386
211 388
162 390
346 392
72 394
137 396
260 398
159 400
92 402
117 404
110 406
61 408
274 410
262 412
154 414
252 416
2 418
211 420
157 422
239 424
151 426
282 428
106 430
127 432
127 434
204 436
344 438
373 440
34 442
46 444
122 446
163 448
140 450
345 452
429 454
129 456
100 458
273 460
90 462
29 464
408 466
307 468
36 470
405 472
275 474
38 476
186 478
396 480
22 482
92 484
121 486
66 488
296 490
391 492
179 494
400 496
493 498
388 500
199 502
470 504
288 506
207 508
53 510
472 512
24 514
31 516
105 518
161 520
444 522
6 524
102 526
113 528
143 530
43 532
492 534
427 536
450 538
402 540
470 542
90 544
151 546
388 548
186 550
233 552
65 554
324 556
142 558
96 560
331 562
464 564
205 566
462 568
406 570
360 572
321 574
113 576
243 578
168 580
344 582
474 584
12 586
444 588
300 590
577 592
365 594
324 596
5 598
476 600
556 602
270 604
0 606
424 608
147 610
466 612
395 614
64 616
167 618
316 620
350 622
372 624
486 626
264 628
439 630
171 632
631 634
311 636
544 638
94 640
576 642
139 644
304 646
549 648
323 650
232 652
644 654
594 656
52 658
144 660
279 662
133 664
338 666
593 668
660 670
198 672
670 674
547 676
406 678
511 680
411 682
426 684
678 686
149 688
572 690
395 692
619 694
199 696
318 698
422 700
487 702
21 704
526 706
578 708
81 710
180 712
172 714
316 716
448 718
552 720
447 722
676 724
112 726
189 728
317 730
353 732
106 734
113 736
217 738
504 740
640 742
469 744
623 746
205 748
670 750
422 752
210 754
245 756
216 758
653 760
665 762
484 764
75 766
764 768
279 770
432 772
243 774
191 776
486 778
0 780
773 782
221 784
639 786
362 788
481 790
172 792
731 794
731 796
619 798
242 800
647 802
401 804
216 806
236 808
295 810
808 812
61 814
793 816
805 818
491 820
200 822
732 824
322 826
27 828
278 830
360 832
119 834
57 836
679 838
677 840
820 842
795 844
385 846
263 848
172 850
164 852
331 854
641 856
90 858
30 860
458 862
339 864
29 866
205 868
580 870
193 872
845 874
232 876
234 878
445 880
429 882
70 884
85 886
365 888
348 890
281 892
111 894
518 896
326 898
352 900
374 902
329 904
38 906
778 908
407 910
327 912
794 914
75 916
425 918
489 920
587 922
131 924
792 926
588 928
278 930
511 932
775 934
317 936
324 938
584 940
552 942
556 944
415 946
838 948
243 950
352 952
359 954
147 956
769 958
268 960
855 962
903 964
675 966
9 968
1 970
625 972
301 974
842 976
968 978
77 980
961 982
950 984
917 986
300 988
225 990
641 992
172 994
169 996
828 998
151 1000
676 1002
934 1004
765 1006
376 1008
399 1010
359 1012
326 1014
186 1016
207 1018
593 1020
214 1022
422 1024
689 1026
467 1028
868 1030
847 1032
289 1034
757 1036
233 1038
345 1040
989 1042
588 1044
177 1046
824 1048
536 1050
807 1052
723 1054
108 1056
735 1058
612 1060
504 1062
669 1064
723 1066
366 1068
836 1070
484 1072
636 1074
589 1076
1029 1078
473 1080
999 1082
726 1084
570 1086
932 1088
988 1090
138 1092
541 1094
32 1096
635 1098
597 1100
514 1102
549 1104
89 1106
927 1108
453 1110
226 1112
433 1114
30 1116
390 1118
621 1120
842 1122
898 1124
1088 1126
324 1128
823 1130
1054 1132
725 1134
1038 1136
816 1138
787 1140
14 1142
805 1144
879 1146
1085 1148
1049 1150
362 1152
481 1154
652 1156
60 1158
623 1160
685 1162
884 1164
402 1166
40 1168
475 1170
826 1172
896 1174
196 1176
489 1178
220 1180
1178 1182
557 1184
993 1186
938 1188
477 1190
607 1192
621 1194
900 1196
385 1198
611 1200
854 1202
445 1204
4 1206
1070 1208
887 1210
1106 1212
1203 1214
307 1216
502 1218
844 1220
261 1222
106 1224
1196 1226
645 1228
115 1230
839 1232
243 1234
293 1236
920 1238
463 1240
1222 1242
705 1244
499 1246
46 1248
389 1250
947 1252
424 1254
8 1256
1017 1258
784 1260
1104 1262
519 1264
1192 1266
259 1268
36 1270
1213 1272
497 1274
891 1276
469 1278
1066 1280
869 1282
925 1284
33 1286
244 1288
291 1290
132 1292
1109 1294
219 1296
729 1298
668 1300
770 1302
20 1304
1098 1306
1061 1308
866 1310
327 1312
131 1314
1261 1316
913 1318
1167 1320
1121 1322
122 1324
1204 1326
67 1328
599 1330
842 1332
859 1334
155 1336
973 1338
224 1340
392 1342
901 1344
1187 1346
1000 1348
545 1350
787 1352
1315 1354
239 1356
526 1358
881 1360
1095 1362
1082 1364
214 1366
296 1368
604 1370
611 1372
612 1374
9 1376
701 1378
1238 1380
1127 1382
292 1384
486 1386
837 1388
1209 1390
250 1392
1192 1394
1147 1396
1250 1398
103 1400
852 1402
1103 1404
1241 1406
1356 1408
857 1410
857 1412
791 1414
437 1416
763 1418
83 1420
1295 1422
503 1424
984 1426
807 1428
671 1430
95 1432
592 1434
1151 1436
461 1438
1369 1440
761 1442
772 1444
492 1446
702 1448
421 1450
551 1452
1388 1454
43 1456
645 1458
1393 1460
17 1462
991 1464
819 1466
258 1468
1219 1470
1348 1472
1168 1474
598 1476
384 1478
197 1480
709 1482
185 1484
1320 1486
1176 1488
325 1490
134 1492
1029 1494
1492 1496
1350 1498
919 1500
811 1502
709 1504
677 1506
1109 1508
1128 1510
276 1512
125 1514
19 1516
943 1518
951 1520
718 1522
1141 1524
4 1526
660 1528
1071 1530
362 1532
1383 1534
995 1536
780 1538
10 1540
1306 1542
728 1544
919 1546
628 1548
1130 1550
1268 1552
1357 1554
1164 1556
1431 1558
291 1560
546 1562
233 1564
879 1566
1215 1568
707 1570
1267 1572
1342 1574
875 1576
452 1578
125 1580
1191 1582
744 1584
948 1586
498 1588
1555 1590
1118 1592
565 1594
1489 1596
960 1598
1446 1600
1379 1602
299 1604
528 1606
1029 1608
305 1610
435 1612
218 1614
272 1616
1538 1618
1390 1620
137 1622
1333 1624
1552 1626
1263 1628
1168 1630
790 1632
376 1634
329 1636
558 1638
1020 1640
900 1642
1280 1644
1139 1646
174 1648
558 1650
1297 1652
35 1654
1465 1656
1150 1658
1656 1660
1275 1662
287 1664
1497 1666
392 1668
509 1670
1470 1672
735 1674
1109 1676
1354 1678
101 1680
1222 1682
268 1684
459 1686
1130 1688
936 1690
1688 1692
368 1694
1087 1696
1695 1698
1475 1700
1301 1702
1190 1704
938 1706
326 1708
1220 1710
1099 1712
1681 1714
1050 1716
1674 1718
1147 1720
1682 1722
918 1724
555 1726
360 1728
89 1730
1367 1732
931 1734
856 1736
1400 1738
802 1740
1705 1742
591 1744
1153 1746
163 1748
1432 1750
1002 1752
648 1754
1730 1756
942 1758
937 1760
1605 1762
593 1764
406 1766
412 1768
369 1770
604 1772
1153 1774
1652 1776
834 1778
324 1780
265 1782
861 1784
1274 1786
810 1788
1760 1790
68 1792
1573 1794
626 1796
1247 1798
811 1800
1296 1802
651 1804
756 1806
1619 1808
1473 1810
1286 1812
711 1814
759 1816
927 1818
769 1820
879 1822
160 1824
1737 1826
1461 1828
1073 1830
915 1832
1748 1834
136 1836
1406 1838
233 1840
956 1842
1164 1844
1423 1846
686 1848
1611 1850
984 1852
1655 1854
560 1856
1566 1858
808 1860
1034 1862
222 1864
493 1866
735 1868
1213 1870
26 1872
932 1874
135 1876
765 1878
527 1880
1038 1882
1776 1884
187 1886
1260 1888
1310 1890
533 1892
115 1894
1296 1896
3 1898
1333 1900
996 1902
747 1904
135 1906
1620 1908
472 1910
70 1912
20 1914
819 1916
768 1918
1003 1920
1566 1922
186 1924
448 1926
1651 1928
248 1930
728 1932
1602 1934
1005 1936
807 1938
1197 1940
1352 1942
759 1944
815 1946
1691 1948
819 1950
599 1952
701 1954
488 1956
391 1958
1393 1960
1434 1962
1623 1964
44 1966
1780 1968
1906 1970
418 1972
360 1974
1637 1976
390 1978
1626 1980
1012 1982
628 1984
199 1986
1577 1988
1274 1990
146 1992
912 1994
1209 1996
258 1998
611 2000
1975 2002
974 2004
743 2006
974 2008
508 2010
142 2012
1358 2014
107 2016
1244 2018
1311 2020
902 2022
1035 2024
658 2026
511 2028
201 2030
68 2032
200 2034
1681 2036
198 2038
549 2040
1474 2042
844 2044
562 2046
77 2048
1976 2050
1272 2052
1201 2054
1148 2056
510 2058
2035 2060
230 2062
669 2064
1076 2066
2032 2068
116 2070
1282 2072
897 2074
954 2076
1945 2078
162 2080
70 2082
501 2084
348 2086
1022 2088
1323 2090
1241 2092
741 2094
1513 2096
1628 2098
144 2100
1165 2102
1819 2104
616 2106
1438 2108
2072 2110
708 2112
1711 2114
1379 2116
1641 2118
852 2120
160 2122
1246 2124
273 2126
1997 2128
301 2130
576 2132
906 2134
1638 2136
563 2138
747 2140
831 2142
1603 2144
281 2146
1756 2148
1258 2150
313 2152
206 2154
864 2156
1545 2158
1705 2160
1080 2162
957 2164
181 2166
1750 2168
536 2170
1612 2172
1157 2174
706 2176
1361 2178
1104 2180
1531 2182
261 2184
335 2186
1378 2188
1734 2190
1953 2192
1293 2194
644 2196
2069 2198
522 2200
1606 2202
57 2204
479 2206
1677 2208
1447 2210
1810 2212
984 2214
442 2216
702 2218
1901 2220
657 2222
1498 2224
2103 2226
755 2228
949 2230
2075 2232
15 2234
1224 2236
12 2238
320 2240
46 2242
18 2244
767 2246
2086 2248
1877 2250
703 2252
1220 2254
2204 2256
1643 2258
462 2260
1626 2262
886 2264
1216 2266
1031 2268
1553 2270
520 2272
1887 2274
2090 2276
1948 2278
1241 2280
742 2282
1055 2284
1229 2286
1169 2288
1175 2290
663 2292
736 2294
1786 2296
943 2298
2202 2300
1493 2302
1791 2304
1097 2306
995 2308
1793 2310
916 2312
386 2314
2070 2316
1587 2318
559 2320
2222 2322
2289 2324
138 2326
2094 2328
1901 2330
2289 2332
559 2334
238 2336
2273 2338
20 2340
415 2342
1861 2344
158 2346
1188 2348
91 2350
389 2352
791 2354
1300 2356
1841 2358
1371 2360
1508 2362
1050 2364
1573 2366
2306 2368
507 2370
439 2372
297 2374
1380 2376
1359 2378
1301 2380
28 2382
38 2384
1681 2386
1340 2388
1973 2390
363 2392
286 2394
1816 2396
1388 2398
1763 2400
1164 2402
1744 2404
2148 2406
1096 2408
364 2410
2383 2412
1780 2414
2117 2416
125 2418
1632 2420
1749 2422
1609 2424
1110 2426
1566 2428
2295 2430
1187 2432
2098 2434
290 2436
1101 2438
851 2440
368 2442
571 2444
2229 2446
1407 2448
2035 2450
719 2452
2066 2454
1452 2456
264 2458
1669 2460
2442 2462
2457 2464
1650 2466
2359 2468
241 2470
463 2472
2057 2474
881 2476
2257 2478
919 2480
50 2482
1108 2484
577 2486
637 2488
581 2490
286 2492
1482 2494
1757 2496
1674 2498
1363 2500
1763 2502
1793 2504
940 2506
273 2508
571 2510
311 2512
517 2514
118 2516
2030 2518
2251 2520
2465 2522
733 2524
1348 2526
2143 2528
1210 2530
1298 2532
1441 2534
1308 2536
44 2538
532 2540
870 2542
619 2544
2242 2546
663 2548
1604 2550
60 2552
269 2554
697 2556
1798 2558
1699 2560
1851 2562
200 2564
1632 2566
2063 2568
1119 2570
161 2572
7 2574
1806 2576
1231 2578
1952 2580
167 2582
2295 2584
1323 2586
1767 2588
2340 2590
1664 2592
657 2594
824 2596
1837 2598
368 2600
1971 2602
752 2604
452 2606
1081 2608
1057 2610
734 2612
1844 2614
1580 2616
2510 2618
1255 2620
171 2622
2144 2624
25 2626
1989 2628
1160 2630
1987 2632
1590 2634
1091 2636
1652 2638
285 2640
1624 2642
377 2644
1738 2646
600 2648
1706 2650
1454 2652
1071 2654
216 2656
699 2658
479 2660
1590 2662
1715 2664
304 2666
1415 2668
374 2670
1738 2672
2147 2674
2101 2676
1097 2678
1214 2680
313 2682
2682 2684
432 2686
479 2688
980 2690
1823 2692
2629 2694
400 2696
1517 2698
1779 2700
2517 2702
565 2704
880 2706
56 2708
209 2710
1249 2712
738 2714
802 2716
2302 2718
857 2720
855 2722
1894 2724
1178 2726
122 2728
855 2730
2184 2732
2153 2734
2346 2736
269 2738
324 2740
327 2742
631 2744
1662 2746
2346 2748
28 2750
1589 2752
1379 2754
1700 2756
2394 2758
1374 2760
1892 2762
762 2764
1817 2766
1887 2768
2041 2770
1382 2772
2181 2774
725 2776
1203 2778
1499 2780
597 2782
213 2784
1725 2786
2205 2788
842 2790
256 2792
305 2794
440 2796
2343 2798
112 2800
1153 2802
1945 2804
1575 2806
2154 2808
421 2810
742 2812
1252 2814
1309 2816
145 2818
743 2820
1035 2822
572 2824
288 2826
452 2828
1167 2830
1856 2832
781 2834
1337 2836
1982 2838
1862 2840
375 2842
344 2844
1329 2846
962 2848
668 2850
1922 2852
737 2854
215 2856
461 2858
1246 2860
411 2862
2854 2864
1045 2866
2670 2868
2506 2870
2621 2872
2436 2874
1304 2876
2023 2878
1208 2880
1029 2882
2779 2884
1438 2886
1256 2888
427 2890
2875 2892
2711 2894
420 2896
380 2898
1225 2900
467 2902
1244 2904
1820 2906
1496 2908
1160 2910
687 2912
1876 2914
1626 2916
2427 2918
346 2920
28 2922
2023 2924
1336 2926
2796 2928
796 2930
1617 2932
1432 2934
265 2936
764 2938
80 2940
2637 2942
2230 2944
2764 2946
507 2948
1432 2950
1741 2952
804 2954
1455 2956
2602 2958
618 2960
2100 2962
537 2964
2210 2966
340 2968
2121 2970
2444 2972
2108 2974
2646 2976
820 2978
677 2980
1812 2982
1132 2984
521 2986
362 2988
2719 2990
609 2992
1534 2994
1575 2996
650 2998
450 3000
110 3002
2314 3004
2210 3006
211 3008
1276 3010
1991 3012
1465 3014
2695 3016
2897 3018
1356 3020
1693 3022
2660 3024
1635 3026
1733 3028
1262 3030
221 3032
2988 3034
730 3036
938 3038
2913 3040
487 3042
998 3044
1912 3046
2749 3048
1071 3050
2981 3052
43 3054
2306 3056
2400 3058
861 3060
46 3062
2771 3064
1159 3066
2946 3068
483 3070
704 3072
147 3074
1990 3076
267 3078
1308 3080
2302 3082
2918 3084
1000 3086
2860 3088
237 3090
1887 3092
2324 3094
176 3096
3076 3098
1458 3100
244 3102
2593 3104
68 3106
74 3108
964 3110
2284 3112
85 3114
1804 3116
1289 3118
1531 3120
13 3122
2598 3124
1625 3126
1303 3128
2849 3130
407 3132
1118 3134
2906 3136
1064 3138
2618 3140
1229 3142
1547 3144
1407 3146
1266 3148
1582 3150
1941 3152
515 3154
2654 3156
2856 3158
2397 3160
874 3162
2602 3164
1847 3166
1253 3168
1699 3170
920 3172
269 3174
1053 3176
2950 3178
893 3180
1400 3182
2065 3184
1550 3186
1738 3188
1336 3190
730 3192
2649 3194
1834 3196
1361 3198
1275 3200
184 3202
2765 3204
2896 3206
1856 3208
1796 3210
3065 3212
1421 3214
2314 3216
2106 3218
1796 3220
2239 3222
1429 3224
3066 3226
1380 3228
914 3230
1643 3232
2398 3234
984 3236
2911 3238
2358 3240
1194 3242
1844 3244
2435 3246
1542 3248
1343 3250
3142 3252
449 3254
908 3256
2716 3258
2692 3260
1890 3262
2434 3264
2577 3266
219 3268
395 3270
2169 3272
1293 3274
2478 3276
1640 3278
2398 3280
141 3282
1955 3284
345 3286
1526 3288
688 3290
2021 3292
80 3294
1634 3296
2601 3298
546 3300
2529 3302
2407 3304
633 3306
119 3308
2018 3310
1260 3312
2863 3314
2075 3316
2025 3318
2547 3320
1065 3322
376 3324
2569 3326
71 3328
2343 3330
1294 3332
1480 3334
1295 3336
869 3338
2470 3340
1517 3342
3005 3344
1730 3346
3102 3348
2345 3350
2457 3352
2498 3354
2703 3356
1233 3358
768 3360
2300 3362
3303 3364
2588 3366
2202 3368
2701 3370
1520 3372
3297 3374
2065 3376
1695 3378
1794 3380
1532 3382
3293 3384
1319 3386
2984 3388
2316 3390
2122 3392
2385 3394
2766 3396
2407 3398
3212 3400
2555 3402
490 3404
1532 3406
2976 3408
3272 3410
813 3412
2147 3414
1661 3416
3311 3418
262 3420
932 3422
828 3424
1469 3426
2920 3428
1696 3430
1410 3432
205 3434
1163 3436
205 3438
2414 3440
940 3442
1106 3444
1134 3446
1003 3448
2585 3450
2603 3452
1877 3454
886 3456
3065 3458
802 3460
1474 3462
2898 3464
2977 3466
2389 3468
2387 3470
2144 3472
985 3474
1522 3476
2587 3478
838 3480
3451 3482
782 3484
3114 3486
1636 3488
1697 3490
800 3492
178 3494
1231 3496
1565 3498
2359 3500
898 3502
1153 3504
3283 3506
1687 3508
3483 3510
180 3512
2776 3514
3135 3516
1767 3518
2574 3520
1083 3522
913 3524
2896 3526
3067 3528
17 3530
3217 3532
2924 3534
978 3536
2623 3538
1981 3540
2245 3542
2960 3544
628 3546
2152 3548
2461 3550
2799 3552
2780 3554
2711 3556
3460 3558
1086 3560
2135 3562
426 3564
3063 3566
1009 3568
1562 3570
1124 3572
1615 3574
3499 3576
2363 3578
3194 3580
822 3582
1375 3584
451 3586
2983 3588
112 3590
2751 3592
1004 3594
2700 3596
3388 3598
3224 3600
177 3602
2557 3604
2507 3606
2161 3608
782 3610
104 3612
2114 3614
2844 3616
3532 3618
1055 3620
1194 3622
1235 3624
1791 3626
1727 3628
3227 3630
1953 3632
3608 3634
683 3636
1294 3638
103 3640
2485 3642
298 3644
481 3646
1495 3648
2561 3650
1967 3652
704 3654
2198 3656
477 3658
1138 3660
2699 3662
82 3664
499 3666
2349 3668
3402 3670
3421 3672
3410 3674
2546 3676
3031 3678
1191 3680
2021 3682
2214 3684
3591 3686
3630 3688
1420 3690
1988 3692
2888 3694
2630 3696
2454 3698
1841 3700
3346 3702
1130 3704
2359 3706
3373 3708
1074 3710
64 3712
1926 3714
343 3716
3050 3718
2365 3720
1468 3722
1499 3724
1885 3726
35 3728
2062 3730
1961 3732
1635 3734
1226 3736
1772 3738
463 3740
1450 3742
3652 3744
424 3746
906 3748
3674 3750
3402 3752
688 3754
937 3756
3021 3758
1815 3760
2187 3762
940 3764
2737 3766
2159 3768
225 3770
2830 3772
2175 3774
3645 3776
3561 3778
2543 3780
408 3782
458 3784
1731 3786
2310 3788
1967 3790
2078 3792
3393 3794
1879 3796
304 3798
396 3800
890 3802
3723 3804
3115 3806
616 3808
1765 3810
1841 3812
834 3814
2826 3816
2316 3818
858 3820
1198 3822
1014 3824
111 3826
2328 3828
3796 3830
1088 3832
2135 3834
1541 3836
1816 3838
2089 3840
1765 3842
2817 3844
657 3846
1943 3848
2375 3850
2865 3852
3503 3854
3742 3856
1360 3858
2025 3860
3635 3862
2098 3864
1083 3866
2348 3868
2216 3870
795 3872
636 3874
1065 3876
545 3878
2706 3880
1369 3882
2747 3884
609 3886
958 3888
1735 3890
1272 3892
2206 3894
1561 3896
3244 3898
2702 3900
3200 3902
698 3904
973 3906
2285 3908
1936 3910
357 3912
3534 3914
1937 3916
349 3918
3193 3920
2849 3922
549 3924
1115 3926
3377 3928
1527 3930
1308 3932
490 3934
706 3936
488 3938
820 3940
3354 3942
225 3944
2843 3946
2029 3948
835 3950
1199 3952
1671 3954
2450 3956
1975 3958
51 3960
2035 3962
3148 3964
1239 3966
2644 3968
2240 3970
1508 3972
2499 3974
3193 3976
3506 3978
1699 3980
3764 3982
3727 3984
3692 3986
777 3988
2066 3990
2377 3992
3520 3994
3421 3996
3763 3998
735 4000
1754 4002
1909 4004
2382 4006
362 4008
2167 4010
994 4012
2770 4014
2773 4016
2516 4018
1696 4020
1621 4022
1629 4024
1324 4026
2608 4028
373 4030
3786 4032
1953 4034
547 4036
1368 4038
2882 4040
90 4042
1508 4044
1384 4046
2661 4048
3358 4050
429 4052
1591 4054
2629 4056
359 4058
2597 4060
3924 4062
451 4064
33 4066
2657 4068
3823 4070
1731 4072
3177 4074
3734 4076
3845 4078
3529 4080
2393 4082
1983 4084
125 4086
3701 4088
629 4090
3617 4092
1186 4094
3419 4096
1128 4098
1939 4100
290 4102
2610 4104
841 4106
1341 4108
3672 4110
1716 4112
2641 4114
896 4116
948 4118
3388 4120
243 4122
3019 4124
748 4126
3668 4128
807 4130
3445 4132
450 4134
2743 4136
3146 4138
2319 4140
1222 4142
1230 4144
3903 4146
1316 4148
3628 4150
426 4152
3544 4154
3998 4156
3 4158
3490 4160
3501 4162
189 4164
2998 4166
3169 4168
505 4170
3418 4172
3754 4174
372 4176
3478 4178
246 4180
2282 4182
1773 4184
2040 4186
3686 4188
3157 4190
2402 4192
3751 4194
4167 4196
3333 4198
3911 4200
80 4202
1551 4204
3209 4206
393 4208
3070 4210
3818 4212
2410 4214
1029 4216
316 4218
1074 4220
367 4222
3306 4224
2116 4226
2293 4228
4224 4230
4040 4232
2648 4234
1107 4236
2019 4238
1735 4240
2930 4242
2065 4244
259 4246
3319 4248
4113 4250
2108 4252
2738 4254
507 4256
2784 4258
4099 4260
3581 4262
1350 4264
166 4266
1878 4268
2491 4270
876 4272
1907 4274
1974 4276
604 4278
56 4280
127 4282
3184 4284
223 4286
3222 4288
2285 4290
1265 4292
3632 4294
507 4296
1446 4298
2968 4300
6 4302
2563 4304
3529 4306
3625 4308
2453 4310
1433 4312
143 4314
128 4316
3162 4318
4264 4320
4030 4322
1407 4324
312 4326
644 4328
2936 4330
896 4332
3477 4334
1523 4336
3863 4338
404 4340
3355 4342
3101 4344
1522 4346
1254 4348
4095 4350
3112 4352
2805 4354
339 4356
3167 4358
4170 4360
3451 4362
654 4364
1477 4366
2690 4368
985 4370
3524 4372
3989 4374
2677 4376
985 4378
603 4380
1841 4382
1594 4384
971 4386
2157 4388
1853 4390
1628 4392
3942 4394
3682 4396
2236 4398
2481 4400
3578 4402
1609 4404
4245 4406
1288 4408
2510 4410
1696 4412
4100 4414
1539 4416
3405 4418
2321 4420
4040 4422
779 4424
3467 4426
2520 4428
2765 4430
2394 4432
3771 4434
521 4436
3267 4438
3436 4440
125 4442
1200 4444
3570 4446
1812 4448
1558 4450
2774 4452
3043 4454
3816 4456
612 4458
1784 4460
391 4462
672 4464
543 4466
1097 4468
2873 4470
3754 4472
49 4474
3892 4476
3845 4478
1450 4480
2028 4482
103 4484
4369 4486
2811 4488
69 4490
4390 4492
1496 4494
2557 4496
2776 4498
2090 4500
371 4502
2786 4504
4198 4506
1033 4508
1976 4510
373 4512
1180 4514
929 4516
183 4518
1089 4520
2223 4522
1258 4524
477 4526
3057 4528
3736 4530
2791 4532
3691 4534
1153 4536
1482 4538
780 4540
277 4542
3360 4544
2788 4546
1091 4548
2210 4550
940 4552
351 4554
2379 4556
2866 4558
154 4560
4230 4562
3401 4564
2368 4566
447 4568
1405 4570
3453 4572
1064 4574
2043 4576
2256 4578
3685 4580
2479 4582
1976 4584
3445 4586
969 4588
1586 4590
2314 4592
1534 4594
2264 4596
1317 4598
3780 4600
1286 4602
427 4604
465 4606
2300 4608
1960 4610
2229 4612
4019 4614
3770 4616
3972 4618
987 4620
4382 4622
3521 4624
1290 4626
3369 4628
2843 4630
2555 4632
2515 4634
1926 4636
62 4638
131 4640
1484 4642
516 4644
1495 4646
3690 4648
3348 4650
1938 4652
4216 4654
1453 4656
3107 4658
4083 4660
2858 4662
182 4664
227 4666
3333 4668
2208 4670
2773 4672
2965 4674
1721 4676
490 4678
2060 4680
1901 4682
4681 4684
2070 4686
4141 4688
3999 4690
4379 4692
924 4694
3736 4696
3471 4698
3491 4700
2925 4702
294 4704
343 4706
36 4708
644 4710
525 4712
4025 4714
3309 4716
2010 4718
2739 4720
4591 4722
38 4724
2414 4726
1178 4728
2183 4730
159 4732
3931 4734
3272 4736
3408 4738
3744 4740
3274 4742
2640 4744
3567 4746
462 4748
4464 4750
795 4752
2984 4754
3537 4756
4504 4758
3309 4760
1102 4762
3419 4764
3289 4766
67 4768
1628 4770
1633 4772
3457 4774
2824 4776
2750 4778
3297 4780
2702 4782
3125 4784
1536 4786
2909 4788
3053 4790
93 4792
1118 4794
2055 4796
1225 4798
2418 4800
103 4802
2288 4804
210 4806
1584 4808
2625 4810
2510 4812
1583 4814
754 4816
105 4818
4224 4820
2772 4822
2792 4824
698 4826
1395 4828
3538 4830
3132 4832
1395 4834
3612 4836
3158 4838
212 4840
1213 4842
779 4844
2265 4846
1590 4848
4619 4850
4642 4852
2794 4854
2924 4856
1502 4858
4241 4860
3775 4862
46 4864
1993 4866
1460 4868
3534 4870
4375 4872
427 4874
3630 4876
584 4878
1750 4880
4624 4882
3383 4884
1197 4886
2727 4888
703 4890
737 4892
4037 4894
1753 4896
1717 4898
489 4900
4023 4902
3529 4904
3051 4906
2842 4908
2015 4910
2706 4912
3763 4914
2609 4916
3321 4918
3348 4920
4831 4922
2121 4924
3179 4926
2302 4928
4629 4930
2677 4932
2710 4934
1012 4936
1653 4938
3382 4940
2747 4942
2815 4944
1527 4946
3107 4948
3609 4950
4117 4952
4140 4954
4120 4956
43 4958
408 4960
2860 4962
1334 4964
4325 4966
427 4968
1425 4970
2823 4972
3212 4974
3236 4976
2261 4978
3324 4980
1187 4982
504 4984
2802 4986
2846 4988
2311 4990
3862 4992
994 4994
3107 4996
1107 4998
1496 5000
3429 5002
671 5004
3884 5006
4530 5008
3390 5010
1351 5012
1531 5014
2412 5016
1567 5018
3291 5020
3699 5022
742 5024
1649 5026
1916 5028
3162 5030
1354 5032
3435 5034
3126 5036
570 5038
953 5040
834 5042
1666 5044
3900 5046
1203 5048
1404 5050
431 5052
659 5054
668 5056
1386 5058
5029 5060
1431 5062
3033 5064
2566 5066
3847 5068
4866 5070
1498 5072
4469 5074
59 5076
3979 5078
4200 5080
2347 5082
1720 5084
2591 5086
549 5088
3228 5090
2614 5092
2548 5094
146 5096
1537 5098
3143 5100
2753 5102
3637 5104
564 5106
1585 5108
2788 5110
3429 5112
1051 5114
4570 5116
3281 5118
4927 5120
2642 5122
3191 5124
3037 5126
1418 5128
178 5130
5116 5132
2980 5134
2499 5136
764 5138
170 5140
447 5142
2497 5144
3916 5146
4723 5148
900 5150
3164 5152
67 5154
3696 5156
2887 5158
4719 5160
3402 5162
3289 5164
4217 5166
4328 5168
3649 5170
2915 5172
5066 5174
4494 5176
3399 5178
4724 5180
3778 5182
1053 5184
897 5186
959 5188
4759 5190
1411 5192
2939 5194
5143 5196
3470 5198
859 5200
3242 5202
2060 5204
2632 5206
1289 5208
458 5210
4370 5212
602 5214
4617 5216
3963 5218
2819 5220
38 5222
4158 5224
1155 5226
3278 5228
2111 5230
3809 5232
1846 5234
3169 5236
1804 5238
298 5240
1609 5242
4528 5244
4421 5246
464 5248
2672 5250
4450 5252
2299 5254
2736 5256
1652 5258
2429 5260
2353 5262
3981 5264
2725 5266
2842 5268
3895 5270
3306 5272
3357 5274
4823 5276
307 5278
3213 5280
2310 5282
3671 5284
1380 5286
3943 5288
28 5290
1183 5292
3045 5294
2592 5296
1236 5298
2317 5300
973 5302
2632 5304
3291 5306
4507 5308
3905 5310
4156 5312
4077 5314
1997 5316
919 5318
1317 5320
3796 5322
1044 5324
1449 5326
2505 5328
2016 5330
3746 5332
1124 5334
2889 5336
1427 5338
644 5340
4100 5342
1256 5344
5084 5346
3907 5348
857 5350
4164 5352
2352 5354
4465 5356
2970 5358
383 5360
4609 5362
9 5364
4888 5366
577 5368
2441 5370
3814 5372
956 5374
4793 5376
62 5378
3337 5380
4219 5382
2059 5384
3980 5386
1112 5388
3914 5390
4952 5392
3521 5394
3319 5396
364 5398
485 5400
2192 5402
3650 5404
1116 5406
868 5408
65 5410
999 5412
5273 5414
4084 5416
3566 5418
1581 5420
2273 5422
265 5424
24 5426
1691 5428
3841 5430
5383 5432
4793 5434
1024 5436
1468 5438
1827 5440
3889 5442
1807 5444
3546 5446
5419 5448
1721 5450
85 5452
3754 5454
3506 5456
1922 5458
1065 5460
5342 5462
209 5464
2205 5466
2190 5468
3198 5470
4515 5472
3975 5474
2627 5476
96 5478
4117 5480
2558 5482
1702 5484
694 5486
150 5488
2483 5490
650 5492
1116 5494
127 5496
2625 5498
4341 5500
1884 5502
5257 5504
2707 5506
4368 5508
3412 5510
314 5512
3381 5514
4399 5516
4481 5518
5256 5520
2537 5522
2808 5524
3674 5526
3591 5528
4753 5530
3405 5532
385 5534
3092 5536
1635 5538
4359 5540
5021 5542
460 5544
4367 5546
5238 5548
3859 5550
1227 5552
4627 5554
3961 5556
297 5558
4839 5560
1764 5562
903 5564
4464 5566
177 5568
4923 5570
2441 5572
2618 5574
1718 5576
4954 5578
1432 5580
968 5582
3092 5584
717 5586
2269 5588
4079 5590
54 5592
4925 5594
4214 5596
3965 5598
1613 5600
3511 5602
2950 5604
1679 5606
2044 5608
1218 5610
55 5612
2939 5614
1334 5616
1734 5618
5031 5620
3217 5622
4807 5624
5384 5626
3073 5628
3619 5630
4609 5632
1408 5634
1777 5636
5402 5638
2545 5640
1797 5642
4290 5644
1769 5646
1094 5648
2009 5650
3390 5652
2960 5654
2370 5656
1967 5658
325 5660
2095 5662
3042 5664
4904 5666
1107 5668
1750 5670
2724 5672
5540 5674
1023 5676
2024 5678
4194 5680
565 5682
5422 5684
2884 5686
93 5688
3853 5690
4204 5692
5430 5694
1913 5696
3804 5698
4711 5700
1480 5702
3020 5704
3148 5706
2842 5708
4674 5710
4463 5712
2448 5714
3527 5716
1695 5718
1684 5720
2543 5722
3245 5724
340 5726
550 5728
2377 5730
965 5732
2948 5734
1545 5736
3979 5738
2671 5740
1173 5742
2764 5744
4596 5746
4563 5748
3061 5750
4934 5752
5242 5754
1939 5756
1159 5758
1363 5760
4310 5762
2187 5764
5118 5766
4032 5768
2437 5770
3100 5772
1869 5774
1038 5776
2802 5778
2045 5780
3165 5782
3712 5784
773 5786
1709 5788
4639 5790
569 5792
2534 5794
2753 5796
3203 5798
4606 5800
3239 5802
5567 5804
1666 5806
5288 5808
137 5810
601 5812
1457 5814
185 5816
1569 5818
3902 5820
3749 5822
308 5824
4837 5826
2327 5828
223 5830
3653 5832
5110 5834
3568 5836
1573 5838
1984 5840
2724 5842
3931 5844
3885 5846
3190 5848
5757 5850
3045 5852
5656 5854
4477 5856
1052 5858
5469 5860
281 5862
3753 5864
5178 5866
1163 5868
5697 5870
1160 5872
120 5874
4076 5876
2623 5878
4769 5880
4755 5882
1813 5884
5001 5886
3200 5888
963 5890
3935 5892
609 5894
1143 5896
2239 5898
4724 5900
5259 5902
602 5904
5621 5906
2242 5908
1066 5910
4186 5912
4788 5914
4987 5916
3034 5918
3319 5920
5786 5922
884 5924
469 5926
4037 5928
4052 5930
3401 5932
1182 5934
145 5936
1479 5938
5501 5940
4147 5942
3456 5944
3712 5946
5910 5948
3359 5950
382 5952
3109 5954
5270 5956
1035 5958
4414 5960
262 5962
368 5964
4357 5966
1161 5968
1653 5970
2265 5972
1942 5974
4579 5976
4361 5978
2279 5980
3030 5982
886 5984
2915 5986
1422 5988
1322 5990
307 5992
2477 5994
154 5996
1222 5998
5873 6000
2919 6002
2905 6004
5224 6006
905 6008
2581 6010
1150 6012
4796 6014
2666 6016
4404 6018
5695 6020
5626 6022
4308 6024
5508 6026
2844 6028
4135 6030
4401 6032
929 6034
5679 6036
4630 6038
3899 6040
2145 6042
2716 6044
1239 6046
25 6048
458 6050
6031 6052
645 6054
1104 6056
5247 6058
2092 6060
2815 6062
5490 6064
2281 6066
1065 6068
5661 6070
1585 6072
1441 6074
1851 6076
2736 6078
2488 6080
1532 6082
995 6084
1475 6086
2846 6088
1247 6090
3495 6092
1122 6094
2637 6096
4647 6098
3215 6100
5363 6102
3934 6104
5967 6106
2291 6108
4249 6110
1586 6112
170 6114
5914 6116
3254 6118
598 6120
732 6122
5296 6124
342 6126
4130 6128
884 6130
5274 6132
2960 6134
2583 6136
5226 6138
4385 6140
3901 6142
4980 6144
1603 6146
5621 6148
2872 6150
2699 6152
737 6154
340 6156
1139 6158
2781 6160
1165 6162
5941 6164
5325 6166
2813 6168
1900 6170
527 6172
4086 6174
2192 6176
1934 6178
4747 6180
5418 6182
5930 6184
2697 6186
5208 6188
6158 6190
2146 6192
3124 6194
3323 6196
706 6198
5502 6200
3281 6202
1240 6204
722 6206
4653 6208
2921 6210
2619 6212
4683 6214
3649 6216
3513 6218
3283 6220
6098 6222
770 6224
5836 6226
5493 6228
1853 6230
2721 6232
671 6234
6195 6236
2951 6238
223 6240
4347 6242
2913 6244
1441 6246
6179 6248
3176 6250
1594 6252
2014 6254
2279 6256
1334 6258
4933 6260
481 6262
5207 6264
1295 6266
2328 6268
5346 6270
366 6272
5746 6274
2474 6276
5224 6278
3080 6280
2183 6282
4710 6284
5784 6286
5209 6288
1117 6290
2928 6292
3477 6294
1352 6296
2870 6298
2079 6300
4900 6302
5051 6304
743 6306
1397 6308
4639 6310
488 6312
2585 6314
666 6316
1309 6318
5826 6320
778 6322
2970 6324
3941 6326
4073 6328
6240 6330
5055 6332
3556 6334
2640 6336
673 6338
3192 6340
937 6342
4970 6344
1189 6346
4413 6348
4570 6350
361 6352
3470 6354
3816 6356
1011 6358
2535 6360
3697 6362
1755 6364
1521 6366
531 6368
4401 6370
2657 6372
5867 6374
3032 6376
3367 6378
1361 6380
6242 6382
2903 6384
6380 6386
5009 6388
1804 6390
177 6392
1768 6394
4951 6396
5984 6398
2227 6400
4853 6402
4982 6404
4404 6406
3582 6408
325 6410
3803 6412
3920 6414
5992 6416
3590 6418
5811 6420
2556 6422
4542 6424
869 6426
1484 6428
1266 6430
1531 6432
3829 6434
6131 6436
5896 6438
1845 6440
2529 6442
2153 6444
3086 6446
3444 6448
3771 6450
1488 6452
2344 6454
3083 6456
4675 6458
5011 6460
6000 6462
1703 6464
1621 6466
931 6468
2324 6470
1462 6472
4035 6474
4082 6476
419 6478
635 6480
5286 6482
769 6484
1355 6486
5001 6488
3347 6490
3178 6492
3439 6494
1795 6496
3220 6498
6266 6500
769 6502
4804 6504
3060 6506
4989 6508
4072 6510
6013 6512
954 6514
139 6516
3950 6518
2212 6520
5451 6522
3301 6524
643 6526
99 6528
1702 6530
1445 6532
4357 6534
472 6536
3893 6538
1334 6540
2127 6542
3983 6544
4228 6546
3877 6548
1499 6550
3175 6552
4198 6554
4557 6556
1206 6558
6287 6560
1570 6562
225 6564
6249 6566
4504 6568
2447 6570
5377 6572
4062 6574
5753 6576
6271 6578
1081 6580
1921 6582
5200 6584
4676 6586
6211 6588
5823 6590
682 6592
3670 6594
3991 6596
4495 6598
456 6600
3675 6602
2714 6604
3112 6606
40 6608
3834 6610
4169 6612
1795 6614
2842 6616
3876 6618
1012 6620
4251 6622
1606 6624
6136 6626
2327 6628
5385 6630
3582 6632
4955 6634
5162 6636
4024 6638
12 6640
2696 6642
6298 6644
5392 6646
5222 6648
629 6650
3591 6652
4009 6654
5877 6656
2071 6658
1002 6660
1184 6662
3214 6664
2694 6666
6254 6668
5552 6670
283 6672
5961 6674
2761 6676
4810 6678
376 6680
3363 6682
5645 6684
4253 6686
2296 6688
6471 6690
6249 6692
1683 6694
900 6696
5629 6698
5813 6700
5671 6702
521 6704
1572 6706
3630 6708
803 6710
6620 6712
5782 6714
1159 6716
9 6718
3273 6720
202 6722
3716 6724
2497 6726
181 6728
4012 6730
4814 6732
3063 6734
4120 6736
4303 6738
904 6740
907 6742
4444 6744
225 6746
5085 6748
4218 6750
5934 6752
6557 6754
6639 6756
5132 6758
3840 6760
629 6762
863 6764
6171 6766
301 6768
2060 6770
1667 6772
1836 6774
5844 6776
2369 6778
4216 6780
64 6782
2626 6784
5380 6786
2314 6788
2528 6790
2769 6792
1190 6794
6011 6796
1195 6798
5973 6800
4417 6802
2391 6804
6038 6806
4769 6808
4525 6810
1352 6812
6111 6814
5327 6816
1154 6818
1112 6820
1902 6822
5822 6824
2500 6826
6261 6828
6291 6830
678 6832
3853 6834
71 6836
4831 6838
3636 6840
2175 6842
2265 6844
6644 6846
4743 6848
2525 6850
1731 6852
5901 6854
5044 6856
1869 6858
5325 6860
5711 6862
3048 6864
2049 6866
1620 6868
4269 6870
5629 6872
6596 6874
5828 6876
3942 6878
4221 6880
2783 6882
4141 6884
1659 6886
3743 6888
4288 6890
3862 6892
3584 6894
1531 6896
5844 6898
1789 6900
2966 6902
3650 6904
5197 6906
113 6908
682 6910
1866 6912
361 6914
4028 6916
3894 6918
1037 6920
2227 6922
1020 6924
4259 6926
817 6928
4839 6930
3526 6932
2991 6934
3933 6936
1849 6938
6465 6940
1977 6942
6130 6944
131 6946
1475 6948
1074 6950
5191 6952
481 6954
4743 6956
1248 6958
6528 6960
4852 6962
2871 6964
4138 6966
5032 6968
6052 6970
3134 6972
1441 6974
3598 6976
6877 6978
925 6980
5354 6982
4776 6984
6073 6986
2071 6988
286 6990
2019 6992
1896 6994
458 6996
5167 6998
4765 7000
756 7002
5325 7004
6969 7006
1723 7008
6519 7010
4734 7012
339 7014
6703 7016
1168 7018
4262 7020
3837 7022
545 7024
6624 7026
6047 7028
4959 7030
2627 7032
6783 7034
3638 7036
764 7038
3912 7040
6639 7042
2469 7044
6806 7046
4036 7048
6405 7050
4225 7052
6461 7054
1577 7056
4999 7058
3875 7060
5767 7062
2186 7064
6217 7066
1835 7068
7049 7070
2456 7072
2829 7074
3441 7076
2591 7078
6231 7080
569 7082
5730 7084
2896 7086
4598 7088
4979 7090
3189 7092
6952 7094
3397 7096
671 7098
3328 7100
5378 7102
537 7104
3998 7106
109 7108
1390 7110
5726 7112
2906 7114
6432 7116
5323 7118
2188 7120
4168 7122
4259 7124
4301 7126
1547 7128
5375 7130
4847 7132
2928 7134
1017 7136
691 7138
645 7140
4216 7142
1732 7144
5087 7146
2260 7148
1106 7150
4988 7152
1366 7154
2913 7156
1799 7158
325 7160
2785 7162
4247 7164
3191 7166
6637 7168
4012 7170
954 7172
5876 7174
708 7176
1209 7178
6831 7180
3619 7182
5946 7184
4124 7186
5953 7188
2339 7190
2634 7192
3538 7194
3119 7196
284 7198
1421 7200
1291 7202
6161 7204
6641 7206
2337 7208
4576 7210
3153 7212
3648 7214
7207 7216
5028 7218
3988 7220
5097 7222
1807 7224
1677 7226
7187 7228
4566 7230
3235 7232
4898 7234
641 7236
4418 7238
849 7240
2549 7242
2604 7244
5983 7246
3917 7248
4963 7250
263 7252
4927 7254
4817 7256
2931 7258
4289 7260
7250 7262
296 7264
3288 7266
1201 7268
4078 7270
5001 7272
1750 7274
4886 7276
4308 7278
3092 7280
4567 7282
5932 7284
4587 7286
3898 7288
5476 7290
2528 7292
1303 7294
2656 7296
7294 7298
3876 7300
4728 7302
6656 7304
5410 7306
147 7308
966 7310
6285 7312
5582 7314
7283 7316
2523 7318
451 7320
1804 7322
2013 7324
4604 7326
5212 7328
3426 7330
3654 7332
2354 7334
632 7336
4626 7338
5633 7340
2610 7342
3726 7344
374 7346
999 7348
698 7350
6537 7352
5668 7354
1058 7356
2803 7358
7176 7360
2981 7362
4953 7364
4789 7366
6471 7368
2500 7370
4788 7372
2777 7374
5530 7376
5805 7378
1947 7380
7298 7382
4741 7384
1018 7386
3103 7388
5904 7390
3555 7392
1387 7394
4125 7396
5901 7398
5285 7400
3535 7402
488 7404
6888 7406
4708 7408
842 7410
3728 7412
5489 7414
2472 7416
641 7418
6980 7420
3240 7422
7288 7424
4023 7426
3545 7428
6490 7430
1958 7432
3786 7434
715 7436
3828 7438
5061 7440
2768 7442
7431 7444
5587 7446
194 7448
3993 7450
4076 7452
2044 7454
6522 7456
4692 7458
2859 7460
4517 7462
6280 7464
3326 7466
7010 7468
530 7470
3693 7472
2145 7474
3449 7476
3345 7478
5147 7480
3693 7482
7250 7484
2383 7486
4918 7488
2071 7490
5375 7492
4784 7494
6622 7496
5981 7498
4018 7500
6678 7502
2468 7504
6161 7506
1489 7508
4595 7510
1654 7512
2427 7514
1847 7516
2965 7518
1824 7520
4645 7522
2537 7524
2464 7526
2096 7528
4471 7530
5418 7532
2268 7534
6523 7536
3970 7538
1221 7540
3112 7542
6982 7544
7267 7546
6584 7548
4202 7550
5509 7552
7019 7554
6059 7556
3515 7558
4061 7560
4054 7562
275 7564
5108 7566
521 7568
4454 7570
3437 7572
2457 7574
3855 7576
106 7578
4558 7580
3364 7582
6131 7584
5570 7586
342 7588
6801 7590
5624 7592
4061 7594
3518 7596
3860 7598
5790 7600
5783 7602
489 7604
1234 7606
5142 7608
4993 7610
7067 7612
6420 7614
823 7616
4985 7618
6006 7620
2058 7622
4010 7624
5686 7626
5698 7628
5124 7630
4745 7632
4496 7634
5195 7636
892 7638
1704 7640
1151 7642
5005 7644
7367 7646
7616 7648
7338 7650
2577 7652
7064 7654
2439 7656
4948 7658
5567 7660
7154 7662
4544 7664
3149 7666
1669 7668
4826 7670
4238 7672
5838 7674
3465 7676
5280 7678
5022 7680
2435 7682
120 7684
6691 7686
6573 7688
934 7690
5985 7692
354 7694
2065 7696
1356 7698
804 7700
4972 7702
3995 7704
4647 7706
227 7708
5609 7710
4727 7712
5960 7714
6465 7716
1813 7718
2776 7720
4529 7722
5495 7724
1330 7726
4996 7728
6038 7730
1214 7732
6903 7734
6248 7736
1402 7738
2556 7740
5418 7742
6375 7744
1551 7746
7573 7748
1060 7750
7545 7752
3455 7754
7406 7756
1511 7758
1832 7760
6229 7762
7296 7764
6831 7766
5945 7768
1361 7770
1917 7772
4736 7774
2261 7776
3510 7778
1101 7780
7368 7782
4645 7784
5948 7786
1594 7788
7684 7790
4582 7792
876 7794
4717 7796
6631 7798
7416 7800
1926 7802
4256 7804
4229 7806
1678 7808
2043 7810
4632 7812
1693 7814
4183 7816
3738 7818
787 7820
5696 7822
7742 7824
3456 7826
1657 7828
7199 7830
73 7832
6061 7834
2214 7836
7635 7838
6228 7840
5087 7842
1542 7844
5174 7846
1902 7848
2547 7850
2797 7852
7564 7854
1432 7856
4840 7858
7390 7860
4406 7862
769 7864
83 7866
6761 7868
1370 7870
2371 7872
91 7874
1022 7876
13 7878
1289 7880
6084 7882
856 7884
4078 7886
4981 7888
2751 7890
931 7892
1999 7894
6686 7896
7209 7898
5605 7900
3604 7902
6319 7904
5457 7906
2104 7908
5312 7910
4652 7912
7026 7914
3341 7916
6659 7918
292 7920
6152 7922
802 7924
2940 7926
150 7928
5886 7930
7143 7932
6458 7934
5518 7936
7660 7938
928 7940
2164 7942
2936 7944
3532 7946
823 7948
1994 7950
6699 7952
3466 7954
5928 7956
5204 7958
1086 7960
7346 7962
4137 7964
3978 7966
3532 7968
4046 7970
7286 7972
4985 7974
6373 7976
1425 7978
3128 7980
6163 7982
4286 7984
6733 7986
4151 7988
6738 7990
7231 7992
1001 7994
6785 7996
2276 7998
1287 8000
2586 8002
4925 8004
4006 8006
4237 8008
4394 8010
827 8012
5750 8014
2889 8016
1988 8018
4078 8020
2009 8022
6590 8024
713 8026
5490 8028
6329 8030
5794 8032
6383 8034
7883 8036
5179 8038
6699 8040
2154 8042
7850 8044
7831 8046
4074 8048
7672 8050
4942 8052
406 8054
52 8056
377 8058
7888 8060
1555 8062
150 8064
904 8066
3036 8068
874 8070
3320 8072
7944 8074
1019 8076
3503 8078
7805 8080
4621 8082
7905 8084
2414 8086
629 8088
2642 8090
5401 8092
2789 8094
6175 8096
3411 8098
5863 8100
79 8102
1438 8104
1020 8106
795 8108
1343 8110
7959 8112
172 8114
1441 8116
3796 8118
1666 8120
273 8122
34 8124
6815 8126
6906 8128
6616 8130
4008 8132
4598 8134
6726 8136
3329 8138
1768 8140
4017 8142
6611 8144
8076 8146
3996 8148
4245 8150
7398 8152
3739 8154
3663 8156
5077 8158
5102 8160
6094 8162
3285 8164
1706 8166
4621 8168
772 8170
2315 8172
273 8174
3119 8176
1808 8178
4516 8180
4189 8182
3534 8184
2510 8186
6111 8188
5033 8190
4143 8192
3274 8194
4048 8196
1764 8198
1363 8200
6614 8202
7160 8204
2235 8206
5487 8208
3043 8210
3305 8212
7582 8214
6347 8216
1827 8218
2655 8220
4197 8222
4195 8224
5509 8226
3864 8228
998 8230
7023 8232
3456 8234
2206 8236
966 8238
5011 8240
3724 8242
7048 8244
167 8246
7425 8248
4178 8250
3266 8252
3938 8254
6656 8256
8238 8258
7966 8260
5781 8262
6371 8264
3616 8266
4419 8268
3942 8270
3867 8272
1942 8274
7510 8276
7646 8278
1920 8280
1251 8282
621 8284
2683 8286
2567 8288
5212 8290
4391 8292
6357 8294
963 8296
7585 8298
7315 8300
2676 8302
7875 8304
4625 8306
1956 8308
7419 8310
6459 8312
2527 8314
6194 8316
632 8318
7345 8320
7303 8322
3498 8324
4342 8326
7381 8328
2899 8330
5068 8332
2925 8334
6761 8336
6304 8338
988 8340
7130 8342
3701 8344
3241 8346
3360 8348
6632 8350
7315 8352
6500 8354
1139 8356
7724 8358
5887 8360
7756 8362
3795 8364
3362 8366
7548 8368
3934 8370
316 8372
7405 8374
6679 8376
4006 8378
6781 8380
1155 8382
947 8384
5469 8386
2195 8388
5069 8390
2262 8392
7286 8394
3773 8396
5400 8398
1363 8400
229 8402
3556 8404
5000 8406
4149 8408
7920 8410
8160 8412
5455 8414
668 8416
2167 8418
790 8420
2653 8422
4023 8424
8175 8426
3451 8428
6121 8430
1017 8432
5091 8434
7046 8436
7472 8438
2096 8440
5533 8442
7538 8444
4234 8446
2959 8448
349 8450
3452 8452
6848 8454
1199 8456
3859 8458
1023 8460
3688 8462
7990 8464
2277 8466
1175 8468
7604 8470
6271 8472
6785 8474
7965 8476
7080 8478
7262 8480
2211 8482
7350 8484
5603 8486
530 8488
2008 8490
5419 8492
6451 8494
877 8496
6467 8498
5680 8500
5765 8502
6599 8504
7772 8506
2920 8508
6321 8510
3396 8512
4720 8514
3519 8516
5608 8518
880 8520
5846 8522
609 8524
5251 8526
4438 8528
7625 8530
1190 8532
5291 8534
147 8536
6982 8538
3020 8540
2349 8542
537 8544
4831 8546
4105 8548
4379 8550
6310 8552
7554 8554
7752 8556
2716 8558
5361 8560
4140 8562
6226 8564
3900 8566
557 8568
3950 8570
998 8572
3361 8574
1334 8576
3753 8578
4655 8580
1441 8582
1941 8584
8239 8586
6307 8588
3792 8590
5622 8592
7589 8594
7726 8596
272 8598
6894 8600
7725 8602
3337 8604
5513 8606
5245 8608
3102 8610
7270 8612
2740 8614
6665 8616
8536 8618
6427 8620
5599 8622
5446 8624
1683 8626
2033 8628
3960 8630
5689 8632
4557 8634
2889 8636
8103 8638
7944 8640
7452 8642
6474 8644
7404 8646
2069 8648
2648 8650
6608 8652
7183 8654
5840 8656
499 8658
2954 8660
2186 8662
177 8664
5723 8666
7770 8668
5112 8670
5577 8672
6552 8674
760 8676
5742 8678
8413 8680
7712 8682
3902 8684
3898 8686
1751 8688
3030 8690
7694 8692
1491 8694
2554 8696
708 8698
7796 8700
3878 8702
1086 8704
708 8706
6324 8708
2864 8710
1283 8712
6456 8714
7342 8716
1815 8718
1130 8720
7078 8722
8429 8724
6751 8726
691 8728
8345 8730
6878 8732
7433 8734
2972 8736
3472 8738
564 8740
7475 8742
4304 8744
5680 8746
6613 8748
6355 8750
3802 8752
7312 8754
725 8756
3918 8758
43 8760
5148 8762
165 8764
8505 8766
2860 8768
511 8770
4467 8772
4754 8774
6058 8776
4769 8778
6210 8780
8130 8782
7331 8784
243 8786
5331 8788
3734 8790
5811 8792
4054 8794
2145 8796
6297 8798
292 8800
5271 8802
8039 8804
8257 8806
5134 8808
6867 8810
288 8812
6325 8814
5883 8816
7672 8818
942 8820
850 8822
6841 8824
8542 8826
6862 8828
171 8830
3125 8832
6041 8834
8576 8836
3344 8838
2009 8840
5920 8842
5667 8844
4983 8846
8100 8848
1408 8850
4989 8852
2127 8854
2057 8856
7977 8858
7986 8860
6190 8862
3190 8864
8129 8866
2166 8868
6719 8870
7223 8872
8361 8874
3067 8876
7789 8878
1918 8880
2647 8882
4393 8884
4360 8886
2517 8888
6995 8890
5445 8892
4814 8894
7203 8896
851 8898
7462 8900
5024 8902
7532 8904
5433 8906
6234 8908
8526 8910
1545 8912
1555 8914
5152 8916
1397 8918
2325 8920
4948 8922
2146 8924
1505 8926
6786 8928
4635 8930
6504 8932
5544 8934
3472 8936
4160 8938
2553 8940
2762 8942
1317 8944
3492 8946
6677 8948
5443 8950
2662 8952
908 8954
8216 8956
7506 8958
2045 8960
158 8962
8305 8964
3431 8966
4765 8968
7243 8970
7623 8972
3363 8974
2474 8976
570 8978
5450 8980
6263 8982
6708 8984
5180 8986
6636 8988
3430 8990
7650 8992
8174 8994
7283 8996
5576 8998
575 9000
5674 9002
5074 9004
2925 9006
7257 9008
5994 9010
7018 9012
2724 9014
2870 9016
5801 9018
3384 9020
3226 9022
2631 9024
612 9026
4463 9028
6780 9030
6432 9032
8597 9034
5071 9036
1091 9038
9001 9040
8900 9042
1441 9044
2299 9046
2921 9048
5038 9050
5207 9052
2323 9054
8433 9056
3432 9058
2946 9060
1961 9062
7250 9064
2963 9066
1741 9068
3556 9070
4265 9072
3117 9074
5371 9076
3480 9078
4699 9080
5848 9082
2016 9084
8148 9086
2976 9088
837 9090
8495 9092
3211 9094
542 9096
1760 9098
7697 9100
6467 9102
3036 9104
3857 9106
5692 9108
6224 9110
4854 9112
268 9114
306 9116
8182 9118
6872 9120
2374 9122
528 9124
4239 9126
5942 9128
1930 9130
385 9132
7755 9134
6651 9136
6000 9138
4564 9140
8300 9142
6765 9144
7363 9146
2549 9148
6538 9150
1876 9152
4790 9154
6034 9156
2849 9158
8806 9160
8396 9162
3658 9164
7202 9166
8451 9168
3893 9170
6872 9172
1325 9174
2244 9176
5103 9178
937 9180
5930 9182
7828 9184
6218 9186
8773 9188
2052 9190
4470 9192
4369 9194
4954 9196
6033 9198
6531 9200
4085 9202
8706 9204
6943 9206
8066 9208
3793 9210
4594 9212
5273 9214
6748 9216
895 9218
6119 9220
4452 9222
395 9224
4843 9226
7531 9228
2005 9230
3209 9232
625 9234
8755 9236
7293 9238
1203 9240
8217 9242
4744 9244
5870 9246
6412 9248
8154 9250
205 9252
5757 9254
4621 9256
6121 9258
383 9260
7779 9262
4295 9264
1512 9266
3925 9268
830 9270
6439 9272
669 9274
4269 9276
1203 9278
773 9280
962 9282
2562 9284
7747 9286
3013 9288
6263 9290
8781 9292
5676 9294
7498 9296
2696 9298
4481 9300
9253 9302
542 9304
514 9306
2832 9308
2250 9310
819 9312
5634 9314
3863 9316
2633 9318
4272 9320
81 9322
8876 9324
121 9326
5168 9328
7755 9330
8558 9332
7287 9334
269 9336
1389 9338
7327 9340
7050 9342
1189 9344
5584 9346
9303 9348
5717 9350
5671 9352
9297 9354
6505 9356
1074 9358
1180 9360
7730 9362
212 9364
6297 9366
113 9368
1551 9370
3193 9372
9360 9374
101 9376
7355 9378
7005 9380
1723 9382
7105 9384
5499 9386
8858 9388
1378 9390
9082 9392
2318 9394
1337 9396
6843 9398
3443 9400
8525 9402
5433 9404
8407 9406
8730 9408
8111 9410
4021 9412
4594 9414
2107 9416
4610 9418
975 9420
8480 9422
152 9424
7248 9426
4126 9428
7738 9430
8720 9432
7954 9434
8153 9436
8347 9438
4041 9440
8928 9442
8106 9444
8485 9446
7585 9448
6098 9450
1648 9452
224 9454
6262 9456
835 9458
2978 9460
8009 9462
3330 9464
2638 9466
3921 9468
7543 9470
2194 9472
695 9474
8747 9476
4766 9478
2909 9480
9452 9482
8079 9484
3702 9486
4657 9488
5432 9490
7678 9492
2033 9494
1909 9496
5776 9498
7213 9500
3458 9502
1650 9504
3940 9506
4537 9508
9210 9510
4445 9512
9023 9514
9166 9516
2490 9518
4723 9520
4490 9522
9338 9524
4687 9526
8143 9528
2929 9530
7417 9532
7944 9534
4823 9536
727 9538
1272 9540
5560 9542
740 9544
2676 9546
3009 9548
353 9550
7178 9552
145 9554
7601 9556
788 9558
1174 9560
4483 9562
3844 9564
2742 9566
6751 9568
5759 9570
6216 9572
5634 9574
8713 9576
9095 9578
3651 9580
6423 9582
4631 9584
7433 9586
1477 9588
5142 9590
6691 9592
5434 9594
9301 9596
3026 9598
7827 9600
8602 9602
9295 9604
3215 9606
8101 9608
8837 9610
8303 9612
3084 9614
3881 9616
6970 9618
2369 9620
3803 9622
789 9624
4667 9626
4677 9628
5070 9630
5611 9632
7802 9634
3039 9636
7805 9638
7547 9640
2165 9642
8603 9644
9360 9646
2294 9648
4993 9650
4554 9652
2927 9654
7020 9656
1981 9658
2371 9660
9635 9662
5558 9664
1540 9666
8732 9668
439 9670
5883 9672
1154 9674
4700 9676
1656 9678
5271 9680
912 9682
5790 9684
5083 9686
9009 9688
5553 9690
5857 9692
2381 9694
57 9696
6469 9698
6568 9700
3545 9702
7885 9704
6910 9706
4798 9708
8739 9710
1446 9712
1955 9714
8887 9716
1538 9718
2241 9720
378 9722
9492 9724
4528 9726
1795 9728
6037 9730
7648 9732
2381 9734
8210 9736
2247 9738
7611 9740
6339 9742
4576 9744
3095 9746
8027 9748
6511 9750
9032 9752
3973 9754
3997 9756
8622 9758
743 9760
6522 9762
8161 9764
6564 9766
2045 9768
5843 9770
8794 9772
3907 9774
6140 9776
9382 9778
9741 9780
6738 9782
1466 9784
8871 9786
6060 9788
9320 9790
8834 9792
6944 9794
3462 9796
651 9798
4059 9800
8404 9802
962 9804
8315 9806
627 9808
1385 9810
7965 9812
7261 9814
3635 9816
8733 9818
6322 9820
6836 9822
6668 9824
1945 9826
8518 9828
2032 9830
6749 9832
3728 9834
5244 9836
2120 9838
2285 9840
6455 9842
4440 9844
8207 9846
824 9848
8867 9850
2007 9852
7435 9854
43 9856
383 9858
1736 9860
6597 9862
1910 9864
3408 9866
7760 9868
7197 9870
5379 9872
258 9874
7336 9876
5458 9878
6361 9880
8934 9882
8561 9884
594 9886
9019 9888
8845 9890
4455 9892
6861 9894
437 9896
2085 9898
9876 9900
5749 9902
5270 9904
3586 9906
4973 9908
5328 9910
9792 9912
6319 9914
8413 9916
3101 9918
9424 9920
6872 9922
2745 9924
1712 9926
9076 9928
4116 9930
4344 9932
323 9934
3345 9936
8138 9938
8030 9940
1641 9942
2555 9944
2345 9946
9872 9948
1382 9950
9086 9952
6053 9954
3928 9956
7134 9958
3618 9960
9178 9962
6386 9964
9201 9966
440 9968
9178 9970
7324 9972
3024 9974
1247 9976
1425 9978
6729 9980
6878 9982
2550 9984
3077 9986
1338 9988
1720 9990
4124 9992
1814 9994
3938 9996
6191 9998
8333 10000
