1368 1400
634 1398
593 1396
970 1394
1253 1392
226 1390
817 1388
91 1386
737 1384
80 1382
815 1380
289 1378
704 1376
450 1374
23 1372
402 1370
76 1368
93 1366
343 1364
466 1362
1151 1360
154 1358
566 1356
1021 1354
1121 1352
23 1350
895 1348
616 1346
385 1344
314 1342
732 1340
1162 1338
394 1336
580 1334
921 1332
1111 1330
247 1328
979 1326
1 1324
596 1322
128 1320
137 1318
812 1316
231 1314
331 1312
112 1310
1208 1308
640 1306
880 1304
221 1302
942 1300
1229 1298
322 1296
63 1294
123 1292
107 1290
900 1288
1187 1286
697 1284
328 1282
98 1280
937 1278
517 1276
693 1274
877 1272
1114 1270
1000 1268
492 1266
1039 1264
415 1262
164 1260
1206 1258
514 1256
252 1254
600 1252
396 1250
301 1248
961 1246
948 1244
807 1242
1094 1240
414 1238
799 1236
518 1234
923 1232
610 1230
183 1228
55 1226
1108 1224
698 1222
775 1220
615 1218
818 1216
550 1214
20 1212
381 1210
8 1208
1144 1206
910 1204
1057 1202
129 1200
1157 1198
190 1196
1082 1194
277 1192
200 1190
374 1188
598 1186
150 1184
183 1182
1072 1180
26 1178
522 1176
888 1174
338 1172
870 1170
1163 1168
864 1166
985 1164
530 1162
404 1160
734 1158
371 1156
9 1154
240 1152
538 1150
634 1148
193 1146
848 1144
836 1142
640 1140
840 1138
422 1136
1010 1134
242 1132
865 1130
796 1128
268 1126
789 1124
1113 1122
850 1120
524 1118
366 1116
1001 1114
503 1112
595 1110
918 1108
780 1106
191 1104
429 1102
698 1100
664 1098
961 1096
158 1094
563 1092
74 1090
740 1088
635 1086
821 1084
208 1082
105 1080
925 1078
163 1076
45 1074
1067 1072
555 1070
85 1068
878 1066
32 1064
601 1062
271 1060
658 1058
308 1056
779 1054
603 1052
534 1050
980 1048
1015 1046
833 1044
38 1042
533 1040
832 1038
205 1036
759 1034
90 1032
264 1030
1024 1028
245 1026
869 1024
987 1022
101 1020
621 1018
276 1016
473 1014
757 1012
537 1010
839 1008
241 1006
385 1004
805 1002
111 1000
35 998
933 996
94 994
938 992
371 990
52 988
326 986
573 984
550 982
88 980
507 978
707 976
763 974
71 972
330 970
416 968
337 966
858 964
277 962
613 960
323 958
787 956
779 954
628 952
108 950
368 948
721 946
464 944
324 942
188 940
220 938
250 936
750 934
629 932
800 930
926 928
145 926
777 924
94 922
385 920
429 918
497 916
20 914
690 912
423 910
741 908
821 906
602 904
148 902
256 900
312 898
792 896
485 894
667 892
778 890
257 888
237 886
96 884
557 882
166 880
476 878
64 876
167 874
409 872
69 870
568 868
459 866
190 864
44 862
327 860
49 858
267 856
531 854
216 852
549 850
571 848
218 846
291 844
658 842
8 840
544 838
660 836
338 834
318 832
451 830
235 828
344 826
124 824
343 822
37 820
508 818
211 816
547 814
58 812
339 810
196 808
14 806
251 804
143 802
161 800
772 798
225 796
97 794
450 792
180 790
319 788
113 786
753 784
717 782
646 780
306 778
92 776
699 774
48 772
241 770
216 768
208 766
474 764
647 762
567 760
400 758
276 756
537 754
620 752
542 750
121 748
712 746
736 744
192 742
146 740
673 738
417 736
366 734
6 732
480 730
304 728
384 726
105 724
168 722
150 720
331 718
173 716
76 714
360 712
28 710
331 708
181 706
218 704
469 702
101 700
5 698
402 696
56 694
294 692
413 690
169 688
584 686
206 684
518 682
475 680
480 678
606 676
523 674
87 672
401 670
62 668
187 666
127 664
639 662
416 660
109 658
634 656
86 654
516 652
301 650
279 648
604 646
491 644
241 642
193 640
32 638
471 636
287 634
503 632
193 630
198 628
54 626
367 624
21 622
88 620
554 618
447 616
176 614
550 612
262 610
37 608
212 606
272 604
110 602
234 600
382 598
245 596
215 594
41 592
187 590
429 588
144 586
163 584
7 582
471 580
399 578
41 576
354 574
67 572
510 570
257 568
212 566
370 564
22 562
510 560
436 558
302 556
149 554
67 552
220 550
381 548
410 546
52 544
209 542
298 540
507 538
484 536
270 534
198 532
303 530
161 528
487 526
400 524
17 522
144 520
165 518
426 516
262 514
39 512
147 510
376 508
343 506
482 504
4 502
333 500
265 498
330 496
442 494
124 492
365 490
471 488
235 486
427 484
228 482
284 480
186 478
267 476
402 474
91 472
278 470
414 468
227 466
429 464
220 462
237 460
206 458
125 456
330 454
404 452
209 450
152 448
242 446
32 444
264 442
265 440
173 438
291 436
64 434
302 432
81 430
359 428
48 426
383 424
231 422
354 420
140 418
335 416
171 414
38 412
166 410
91 408
347 406
337 404
63 402
157 400
277 398
35 396
96 394
135 392
312 390
319 388
317 386
92 384
186 382
376 380
205 378
120 376
336 374
78 372
281 370
80 368
162 366
74 364
357 362
177 360
252 358
286 356
42 354
92 352
283 350
282 348
66 346
28 344
282 342
110 340
163 338
49 336
120 334
174 332
48 330
173 328
29 326
286 324
67 322
109 320
39 318
111 316
90 314
114 312
168 310
286 308
6 306
148 304
237 302
74 300
83 298
119 296
40 294
118 292
149 290
283 288
111 286
12 284
39 282
243 280
227 278
151 276
90 274
125 272
29 270
205 268
87 266
125 264
165 262
71 260
56 258
11 256
238 254
86 252
236 250
156 248
0 246
186 244
65 242
167 240
124 238
63 236
59 234
3 232
176 230
86 228
25 226
117 224
150 222
147 220
145 218
12 216
213 214
85 212
106 210
41 208
39 206
83 204
134 202
55 200
37 198
106 196
149 194
189 192
115 190
116 188
178 186
27 184
25 182
57 180
125 178
140 176
12 174
53 172
37 170
29 168
44 166
86 164
38 162
155 160
5 158
33 156
140 154
147 152
84 150
65 148
34 146
118 144
97 142
42 140
19 138
121 136
46 134
15 132
126 130
39 128
99 126
120 124
96 122
66 120
87 118
106 116
48 114
14 112
1 110
7 108
89 106
97 104
75 102
92 100
33 98
68 96
34 94
37 92
43 90
56 88
59 86
81 84
7 82
8 80
75 78
26 76
61 74
29 72
15 70
38 68
27 66
49 64
21 62
27 60
26 58
3 56
32 54
32 52
12 50
32 48
23 46
21 44
34 42
4 40
37 38
20 36
22 34
22 32
18 30
9 28
6 26
17 24
4 22
3 20
0 18
4 16
0 14
8 12
3 10
1 8
5 6
2 4
1 2
