829 1800
1183 1798
148 1796
1703 1794
1298 1792
905 1790
1703 1788
258 1786
1642 1784
1247 1782
310 1780
495 1778
698 1776
456 1774
1472 1772
1032 1770
1627 1768
328 1766
934 1764
853 1762
1607 1760
58 1758
1110 1756
330 1754
1152 1752
612 1750
1421 1748
1070 1746
319 1744
13 1742
412 1740
1080 1738
1653 1736
278 1734
312 1732
792 1730
912 1728
618 1726
1051 1724
1326 1722
1623 1720
414 1718
303 1716
1607 1714
1570 1712
226 1710
1128 1708
1450 1706
1194 1704
944 1702
1348 1700
277 1698
1010 1696
1312 1694
814 1692
279 1690
1371 1688
837 1686
212 1684
718 1682
1139 1680
497 1678
988 1676
498 1674
1263 1672
364 1670
328 1668
771 1666
750 1664
493 1662
974 1660
120 1658
59 1656
137 1654
119 1652
1504 1650
699 1648
960 1646
1434 1644
1025 1642
1547 1640
394 1638
968 1636
506 1634
773 1632
273 1630
1285 1628
1297 1626
723 1624
1162 1622
148 1620
537 1618
1283 1616
688 1614
1276 1612
779 1610
1378 1608
366 1606
956 1604
1092 1602
933 1600
628 1598
671 1596
1444 1594
390 1592
414 1590
776 1588
1040 1586
1228 1584
83 1582
666 1580
1121 1578
924 1576
453 1574
827 1572
1386 1570
1140 1568
1326 1566
584 1564
327 1562
784 1560
10 1558
135 1556
1283 1554
994 1552
292 1550
1065 1548
1226 1546
899 1544
449 1542
1196 1540
1070 1538
207 1536
627 1534
763 1532
400 1530
988 1528
874 1526
1445 1524
1050 1522
764 1520
1317 1518
522 1516
215 1514
80 1512
111 1510
236 1508
85 1506
529 1504
1374 1502
1198 1500
61 1498
586 1496
19 1494
500 1492
1111 1490
961 1488
752 1486
1280 1484
191 1482
274 1480
1106 1478
1214 1476
954 1474
1274 1472
462 1470
1319 1468
1003 1466
814 1464
736 1462
629 1460
425 1458
1203 1456
607 1454
954 1452
152 1450
219 1448
321 1446
922 1444
1014 1442
1317 1440
337 1438
881 1436
501 1434
478 1432
251 1430
715 1428
516 1426
372 1424
962 1422
1059 1420
397 1418
204 1416
110 1414
260 1412
580 1410
1397 1408
999 1406
708 1404
1344 1402
1031 1400
195 1398
503 1396
1288 1394
1189 1392
973 1390
1268 1388
607 1386
1166 1384
772 1382
1163 1380
856 1378
1176 1376
8 1374
710 1372
737 1370
269 1368
953 1366
406 1364
1053 1362
1316 1360
1278 1358
94 1356
508 1354
924 1352
465 1350
357 1348
216 1346
1062 1344
885 1342
875 1340
61 1338
561 1336
208 1334
944 1332
195 1330
1317 1328
520 1326
206 1324
543 1322
1174 1320
675 1318
447 1316
969 1314
957 1312
1054 1310
874 1308
521 1306
427 1304
1117 1302
807 1300
635 1298
896 1296
792 1294
832 1292
1121 1290
115 1288
777 1286
1120 1284
824 1282
1049 1280
608 1278
913 1276
1262 1274
373 1272
46 1270
224 1268
226 1266
523 1264
444 1262
105 1260
930 1258
471 1256
642 1254
988 1252
350 1250
991 1248
134 1246
294 1244
424 1242
698 1240
73 1238
62 1236
1214 1234
862 1232
857 1230
871 1228
1068 1226
780 1224
1024 1222
412 1220
687 1218
465 1216
526 1214
922 1212
1189 1210
1004 1208
35 1206
1096 1204
134 1202
1185 1200
710 1198
598 1196
907 1194
885 1192
35 1190
422 1188
108 1186
673 1184
731 1182
269 1180
162 1178
180 1176
1147 1174
344 1172
1038 1170
418 1168
871 1166
134 1164
703 1162
235 1160
1069 1158
11 1156
1021 1154
1137 1152
42 1150
637 1148
688 1146
459 1144
121 1142
884 1140
848 1138
99 1136
124 1134
109 1132
919 1130
663 1128
489 1126
440 1124
867 1122
666 1120
520 1118
929 1116
570 1114
39 1112
1049 1110
169 1108
135 1106
1025 1104
43 1102
206 1100
206 1098
580 1096
646 1094
120 1092
424 1090
321 1088
313 1086
369 1084
297 1082
836 1080
965 1078
916 1076
982 1074
638 1072
170 1070
855 1068
236 1066
819 1064
869 1062
307 1060
663 1058
343 1056
1033 1054
659 1052
155 1050
56 1048
370 1046
520 1044
318 1042
849 1040
419 1038
351 1036
810 1034
474 1032
496 1030
472 1028
661 1026
276 1024
313 1022
643 1020
640 1018
996 1016
146 1014
632 1012
94 1010
167 1008
43 1006
143 1004
18 1002
226 1000
757 998
537 996
146 994
884 992
647 990
825 988
155 986
3 984
965 982
288 980
596 978
590 976
522 974
564 972
210 970
285 968
808 966
651 964
59 962
461 960
659 958
790 956
634 954
825 952
341 950
28 948
859 946
769 944
637 942
515 940
316 938
576 936
326 934
915 932
89 930
34 928
580 926
153 924
756 922
134 920
379 918
274 916
882 914
385 912
892 910
297 908
831 906
139 904
515 902
449 900
19 898
797 896
76 894
40 892
474 890
271 888
111 886
207 884
716 882
666 880
135 878
420 876
230 874
658 872
785 870
863 868
486 866
748 864
708 862
209 860
210 858
818 856
732 854
449 852
539 850
329 848
441 846
772 844
304 842
176 840
356 838
806 836
26 834
401 832
775 830
403 828
153 826
381 824
795 822
437 820
473 818
354 816
746 814
25 812
535 810
676 808
331 806
785 804
767 802
630 800
541 798
559 796
30 794
451 792
93 790
18 788
579 786
421 784
428 782
597 780
198 778
252 776
49 774
536 772
306 770
412 768
577 766
743 764
462 762
634 760
146 758
687 756
102 754
366 752
117 750
25 748
474 746
702 744
68 742
562 740
415 738
342 736
264 734
536 732
669 730
598 728
133 726
608 724
34 722
132 720
216 718
580 716
554 714
174 712
16 710
607 708
547 706
685 704
538 702
220 700
520 698
149 696
530 694
426 692
233 690
55 688
426 686
408 684
636 682
676 680
510 678
370 676
600 674
366 672
164 670
579 668
638 666
562 664
659 662
381 660
327 658
253 656
427 654
635 652
315 650
8 648
196 646
436 644
73 642
617 640
386 638
409 636
304 634
151 632
286 630
268 628
484 626
95 624
608 622
563 620
279 618
246 616
521 614
452 612
364 610
391 608
158 606
410 604
391 602
523 600
447 598
65 596
44 594
513 592
391 590
538 588
59 586
498 584
214 582
459 580
461 578
376 576
80 574
43 572
273 570
491 568
24 566
533 564
450 562
56 560
239 558
401 556
12 554
281 552
491 550
69 548
170 546
128 544
262 542
171 540
176 538
169 536
96 534
376 532
148 530
64 528
89 526
354 524
200 522
499 520
71 518
409 516
221 514
166 512
414 510
109 508
85 506
455 504
151 502
168 500
252 498
57 496
223 494
485 492
124 490
357 488
115 486
135 484
364 482
108 480
219 478
96 476
164 474
231 472
126 470
270 468
455 466
273 464
376 462
433 460
386 458
212 456
430 454
197 452
169 450
105 448
379 446
198 444
152 442
107 440
171 438
34 436
19 434
134 432
395 430
277 428
2 426
161 424
197 422
210 420
288 418
193 416
184 414
115 412
299 410
243 408
302 406
350 404
112 402
371 400
313 398
150 396
262 394
203 392
143 390
219 388
329 386
147 384
25 382
46 380
357 378
190 376
107 374
327 372
81 370
342 368
126 366
328 364
72 362
73 360
283 358
330 356
330 354
263 352
321 350
300 348
197 346
22 344
173 342
261 340
10 338
136 336
227 334
213 332
133 330
302 328
28 326
15 324
18 322
81 320
309 318
54 316
201 314
27 312
243 310
163 308
220 306
173 304
150 302
229 300
175 298
211 296
244 294
108 292
260 290
284 288
24 286
198 284
237 282
270 280
65 278
275 276
250 274
93 272
95 270
30 268
191 266
110 264
20 262
110 260
252 258
1 256
69 254
204 252
35 250
214 248
136 246
139 244
223 242
212 240
224 238
43 236
123 234
169 232
100 230
11 228
83 226
94 224
80 222
128 220
185 218
147 216
80 214
176 212
181 210
1 208
25 206
132 204
73 202
174 200
104 198
45 196
22 194
143 192
65 190
83 188
72 186
144 184
100 182
78 180
41 178
157 176
5 174
158 172
163 170
5 168
6 166
82 164
3 162
119 160
110 158
79 156
55 154
5 152
46 150
104 148
27 146
139 144
53 142
43 140
28 138
131 136
44 134
96 132
2 130
119 128
7 126
11 124
7 122
4 120
82 118
20 116
95 114
31 112
82 110
0 108
36 106
80 104
7 102
87 100
3 98
51 96
86 94
61 92
79 90
40 88
49 86
2 84
13 82
67 80
32 78
11 76
27 74
49 72
46 70
64 68
60 66
57 64
4 62
10 60
51 58
23 56
52 54
1 52
19 50
42 48
21 46
13 44
5 42
27 40
0 38
5 36
29 34
9 32
16 30
12 28
4 26
1 24
15 22
11 20
3 18
9 16
3 14
2 12
9 10
2 8
4 6
1 4
1 2
