618 4000
2644 3998
673 3996
2188 3994
1886 3992
1451 3990
1913 3988
1100 3986
3013 3984
1317 3982
582 3980
1999 3978
1194 3976
168 3974
2926 3972
18 3970
1164 3968
2756 3966
106 3964
2367 3962
2908 3960
2843 3958
1737 3956
2476 3954
1547 3952
2832 3950
2369 3948
692 3946
1871 3944
2336 3942
2082 3940
3915 3938
1031 3936
1771 3934
3026 3932
753 3930
380 3928
836 3926
3752 3924
557 3922
1248 3920
1828 3918
666 3916
485 3914
1224 3912
1153 3910
1499 3908
448 3906
1811 3904
2386 3902
3582 3900
3331 3898
1658 3896
3450 3894
1514 3892
2799 3890
689 3888
3546 3886
3099 3884
2589 3882
708 3880
3296 3878
163 3876
624 3874
2102 3872
1463 3870
724 3868
2445 3866
1928 3864
1903 3862
2358 3860
2795 3858
1075 3856
1502 3854
29 3852
3753 3850
3750 3848
3307 3846
180 3844
822 3842
1006 3840
3218 3838
1278 3836
475 3834
194 3832
1264 3830
1625 3828
841 3826
2439 3824
1413 3822
2774 3820
532 3818
1500 3816
818 3814
517 3812
836 3810
3109 3808
2894 3806
3496 3804
2503 3802
235 3800
1730 3798
3763 3796
873 3794
208 3792
681 3790
383 3788
1592 3786
1466 3784
1135 3782
2831 3780
3085 3778
3498 3776
2308 3774
3366 3772
1907 3770
3112 3768
1183 3766
3399 3764
2688 3762
287 3760
781 3758
833 3756
1363 3754
3273 3752
1152 3750
935 3748
3046 3746
2315 3744
3404 3742
1252 3740
881 3738
2522 3736
3550 3734
2042 3732
751 3730
1193 3728
2989 3726
1855 3724
2630 3722
2717 3720
2476 3718
1549 3716
1339 3714
1580 3712
760 3710
3156 3708
1279 3706
2607 3704
2552 3702
1042 3700
669 3698
3371 3696
1768 3694
911 3692
1073 3690
2432 3688
469 3686
134 3684
706 3682
3573 3680
3232 3678
2981 3676
1705 3674
2068 3672
1841 3670
3632 3668
2667 3666
2548 3664
112 3662
3308 3660
570 3658
886 3656
100 3654
301 3652
2522 3650
122 3648
838 3646
2797 3644
615 3642
1662 3640
1041 3638
3060 3636
990 3634
163 3632
3544 3630
1911 3628
1650 3626
2385 3624
3407 3622
61 3620
2746 3618
3392 3616
3549 3614
3561 3612
2307 3610
1535 3608
263 3606
3581 3604
869 3602
2358 3600
3207 3598
120 3596
2445 3594
1182 3592
2019 3590
1142 3588
1339 3586
1355 3584
735 3582
151 3580
2841 3578
1241 3576
91 3574
1534 3572
114 3570
2965 3568
2759 3566
2827 3564
2147 3562
2679 3560
3517 3558
2298 3556
2874 3554
2364 3552
1051 3550
2017 3548
1584 3546
3409 3544
511 3542
338 3540
1195 3538
3321 3536
2179 3534
3284 3532
1443 3530
3180 3528
2407 3526
2715 3524
1870 3522
985 3520
951 3518
3349 3516
257 3514
713 3512
1091 3510
1862 3508
3387 3506
1439 3504
1892 3502
2056 3500
2738 3498
1158 3496
1935 3494
2196 3492
25 3490
2724 3488
2715 3486
1097 3484
2053 3482
3084 3480
363 3478
1592 3476
768 3474
1024 3472
2260 3470
1653 3468
362 3466
1109 3464
3232 3462
2674 3460
2693 3458
1598 3456
1616 3454
669 3452
3349 3450
1648 3448
254 3446
3298 3444
3103 3442
1067 3440
1615 3438
3292 3436
2072 3434
2593 3432
3391 3430
2639 3428
2020 3426
1151 3424
220 3422
3291 3420
1325 3418
454 3416
1940 3414
1515 3412
3342 3410
3189 3408
541 3406
3185 3404
24 3402
148 3400
2970 3398
1834 3396
1117 3394
823 3392
1785 3390
2533 3388
2903 3386
2089 3384
3157 3382
3071 3380
2516 3378
1696 3376
569 3374
1636 3372
207 3370
3116 3368
311 3366
2321 3364
1936 3362
923 3360
1128 3358
1521 3356
386 3354
484 3352
224 3350
797 3348
217 3346
2917 3344
472 3342
179 3340
2758 3338
2711 3336
1066 3334
98 3332
1836 3330
1416 3328
451 3326
2647 3324
1367 3322
762 3320
172 3318
1002 3316
207 3314
1976 3312
1702 3310
1077 3308
1099 3306
144 3304
2247 3302
2915 3300
1883 3298
1791 3296
220 3294
870 3292
3234 3290
1453 3288
1395 3286
568 3284
2471 3282
3010 3280
1291 3278
1724 3276
2112 3274
1012 3272
3192 3270
1406 3268
1009 3266
2554 3264
3073 3262
2700 3260
448 3258
3160 3256
1706 3254
3148 3252
169 3250
2945 3248
22 3246
812 3244
3063 3242
2984 3240
1435 3238
2432 3236
307 3234
747 3232
119 3230
369 3228
1295 3226
2289 3224
2821 3222
3061 3220
2081 3218
94 3216
245 3214
3154 3212
2231 3210
1736 3208
2385 3206
2564 3204
2488 3202
1924 3200
1903 3198
1050 3196
2995 3194
1883 3192
2188 3190
1936 3188
1912 3186
1919 3184
2576 3182
1117 3180
1912 3178
890 3176
318 3174
999 3172
1735 3170
3152 3168
2045 3166
2023 3164
297 3162
444 3160
423 3158
749 3156
2948 3154
2955 3152
514 3150
1247 3148
1287 3146
2617 3144
117 3142
1305 3140
295 3138
2863 3136
1954 3134
1550 3132
726 3130
400 3128
12 3126
151 3124
3086 3122
890 3120
2412 3118
91 3116
1938 3114
439 3112
418 3110
839 3108
1619 3106
3051 3104
116 3102
342 3100
2713 3098
2754 3096
1298 3094
2749 3092
2501 3090
2440 3088
3020 3086
643 3084
2696 3082
1299 3080
2608 3078
784 3076
2122 3074
1811 3072
823 3070
1502 3068
2100 3066
1623 3064
2268 3062
1829 3060
1775 3058
922 3056
657 3054
2043 3052
2014 3050
2272 3048
562 3046
1128 3044
1750 3042
918 3040
2500 3038
2393 3036
2312 3034
1992 3032
299 3030
1068 3028
1217 3026
1039 3024
1663 3022
2108 3020
19 3018
2652 3016
2141 3014
1928 3012
1324 3010
734 3008
2336 3006
2225 3004
1575 3002
745 3000
486 2998
2677 2996
178 2994
1935 2992
136 2990
2252 2988
322 2986
2188 2984
1333 2982
2244 2980
98 2978
1090 2976
599 2974
2466 2972
1231 2970
2208 2968
773 2966
689 2964
2422 2962
794 2960
1530 2958
1852 2956
986 2954
2904 2952
1726 2950
117 2948
2824 2946
392 2944
1577 2942
402 2940
2430 2938
1554 2936
2668 2934
1292 2932
2306 2930
1668 2928
368 2926
81 2924
2011 2922
1136 2920
2866 2918
2841 2916
2796 2914
533 2912
2008 2910
2301 2908
261 2906
2016 2904
58 2902
2779 2900
2845 2898
1102 2896
901 2894
1957 2892
822 2890
2656 2888
1771 2886
1428 2884
1810 2882
1417 2880
382 2878
1871 2876
524 2874
2276 2872
1346 2870
445 2868
1084 2866
2701 2864
844 2862
1711 2860
1920 2858
658 2856
2086 2854
1424 2852
1451 2850
2679 2848
1111 2846
1096 2844
2662 2842
743 2840
2636 2838
1322 2836
2270 2834
813 2832
470 2830
517 2828
351 2826
2561 2824
1816 2822
2550 2820
680 2818
573 2816
1386 2814
485 2812
1415 2810
1930 2808
1669 2806
1765 2804
348 2802
2676 2800
1549 2798
2542 2796
21 2794
631 2792
1223 2790
2043 2788
2574 2786
77 2784
1234 2782
1679 2780
859 2778
895 2776
1356 2774
2658 2772
1084 2770
482 2768
578 2766
1132 2764
2735 2762
249 2760
1703 2758
36 2756
1488 2754
7 2752
643 2750
2337 2748
2040 2746
1433 2744
1023 2742
2151 2740
1148 2738
168 2736
1112 2734
2384 2732
583 2730
1320 2728
601 2726
23 2724
2715 2722
1688 2720
1699 2718
1418 2716
2439 2714
2260 2712
74 2710
541 2708
1765 2706
2501 2704
2093 2702
8 2700
1641 2698
718 2696
81 2694
1293 2692
2052 2690
1255 2688
1789 2686
1490 2684
977 2682
608 2680
2651 2678
2573 2676
1930 2674
1843 2672
1229 2670
1496 2668
1635 2666
1844 2664
2619 2662
1684 2660
1065 2658
2273 2656
153 2654
676 2652
2315 2650
313 2648
2530 2646
160 2644
1865 2642
2249 2640
634 2638
1546 2636
379 2634
2613 2632
2086 2630
1217 2628
1980 2626
1048 2624
842 2622
1686 2620
1290 2618
1457 2616
1239 2614
1122 2612
712 2610
968 2608
1361 2606
389 2604
637 2602
1887 2600
72 2598
1093 2596
2088 2594
2317 2592
2200 2590
2574 2588
2468 2586
1841 2584
1538 2582
2197 2580
1621 2578
1621 2576
726 2574
2041 2572
47 2570
1743 2568
874 2566
638 2564
2279 2562
285 2560
278 2558
2287 2556
2517 2554
705 2552
1984 2550
2263 2548
1449 2546
1829 2544
1473 2542
266 2540
3 2538
1184 2536
2239 2534
1445 2532
1307 2530
1669 2528
751 2526
2157 2524
2262 2522
1116 2520
2292 2518
1363 2516
85 2514
839 2512
1285 2510
722 2508
327 2506
1909 2504
1304 2502
437 2500
282 2498
2227 2496
1204 2494
2014 2492
1315 2490
126 2488
1340 2486
799 2484
836 2482
2423 2480
1359 2478
77 2476
1160 2474
685 2472
884 2470
688 2468
1523 2466
1732 2464
879 2462
2001 2460
2275 2458
22 2456
89 2454
1049 2452
279 2450
262 2448
300 2446
1160 2444
2426 2442
286 2440
954 2438
1540 2436
161 2434
863 2432
307 2430
1614 2428
1101 2426
1254 2424
306 2422
92 2420
813 2418
1854 2416
1055 2414
712 2412
163 2410
332 2408
1529 2406
2379 2404
621 2402
12 2400
800 2398
468 2396
593 2394
1903 2392
444 2390
1281 2388
2221 2386
2252 2384
1189 2382
509 2380
210 2378
28 2376
2145 2374
1659 2372
191 2370
2175 2368
1129 2366
959 2364
1781 2362
111 2360
1849 2358
2241 2356
2272 2354
1393 2352
809 2350
1730 2348
1243 2346
881 2344
1379 2342
2213 2340
884 2338
1322 2336
842 2334
1634 2332
1195 2330
1514 2328
734 2326
1430 2324
144 2322
868 2320
1706 2318
1642 2316
1777 2314
460 2312
284 2310
379 2308
976 2306
1712 2304
2253 2302
2182 2300
754 2298
269 2296
431 2294
1556 2292
876 2290
621 2288
1784 2286
2276 2284
821 2282
1399 2280
433 2278
1567 2276
2179 2274
1399 2272
2046 2270
1332 2268
1402 2266
763 2264
1540 2262
239 2260
1682 2258
1854 2256
771 2254
908 2252
1838 2250
1893 2248
935 2246
1040 2244
1384 2242
668 2240
811 2238
882 2236
19 2234
1440 2232
1658 2230
2213 2228
2030 2226
2115 2224
812 2222
242 2220
212 2218
1162 2216
2149 2214
296 2212
1377 2210
1293 2208
1017 2206
1625 2204
1089 2202
1502 2200
318 2198
527 2196
1336 2194
1267 2192
838 2190
1638 2188
80 2186
164 2184
1672 2182
116 2180
615 2178
1295 2176
1491 2174
2090 2172
1174 2170
938 2168
796 2166
385 2164
987 2162
289 2160
1700 2158
1552 2156
1232 2154
243 2152
1969 2150
1087 2148
737 2146
1369 2144
1018 2142
1789 2140
1201 2138
1678 2136
1734 2134
1672 2132
564 2130
290 2128
1563 2126
2111 2124
723 2122
1767 2120
1249 2118
1163 2116
102 2114
2101 2112
943 2110
1167 2108
457 2106
458 2104
456 2102
50 2100
1776 2098
474 2096
307 2094
1016 2092
284 2090
1222 2088
250 2086
1700 2084
667 2082
1023 2080
1874 2078
1831 2076
1171 2074
2045 2072
1253 2070
800 2068
156 2066
697 2064
1832 2062
1483 2060
148 2058
660 2056
1295 2054
1082 2052
1664 2050
1331 2048
1020 2046
5 2044
152 2042
1198 2040
793 2038
703 2036
565 2034
1731 2032
1828 2030
722 2028
618 2026
977 2024
769 2022
122 2020
931 2018
742 2016
1269 2014
1813 2012
1765 2010
1847 2008
680 2006
1021 2004
803 2002
497 2000
1325 1998
1060 1996
1393 1994
1782 1992
817 1990
1796 1988
1677 1986
1196 1984
149 1982
829 1980
1072 1978
616 1976
359 1974
1434 1972
1757 1970
1220 1968
663 1966
1435 1964
1175 1962
192 1960
744 1958
379 1956
82 1954
201 1952
1242 1950
479 1948
25 1946
604 1944
564 1942
184 1940
788 1938
254 1936
1759 1934
95 1932
483 1930
93 1928
36 1926
1638 1924
226 1922
752 1920
1216 1918
1278 1916
1607 1914
196 1912
1067 1910
552 1908
819 1906
1029 1904
1762 1902
196 1900
305 1898
418 1896
1493 1894
1019 1892
1267 1890
1140 1888
1506 1886
528 1884
78 1882
757 1880
315 1878
261 1876
1534 1874
895 1872
1540 1870
1068 1868
9 1866
1618 1864
82 1862
289 1860
895 1858
1216 1856
1228 1854
1641 1852
182 1850
1455 1848
282 1846
1199 1844
1426 1842
1314 1840
518 1838
1772 1836
1001 1834
1239 1832
668 1830
1359 1828
1633 1826
1501 1824
1708 1822
627 1820
1319 1818
824 1816
1199 1814
1796 1812
1045 1810
174 1808
540 1806
943 1804
1701 1802
165 1800
63 1798
1072 1796
922 1794
1192 1792
656 1790
1171 1788
295 1786
1409 1784
610 1782
1644 1780
719 1778
106 1776
165 1774
300 1772
1534 1770
81 1768
686 1766
570 1764
9 1762
790 1760
897 1758
1628 1756
972 1754
1319 1752
9 1750
166 1748
886 1746
764 1744
1659 1742
297 1740
985 1738
225 1736
1089 1734
1057 1732
1284 1730
1229 1728
424 1726
1468 1724
1098 1722
784 1720
1437 1718
218 1716
681 1714
1561 1712
800 1710
895 1708
1448 1706
1234 1704
1629 1702
493 1700
115 1698
1529 1696
1512 1694
1275 1692
304 1690
460 1688
595 1686
1027 1684
939 1682
1560 1680
1423 1678
813 1676
308 1674
508 1672
719 1670
1491 1668
1516 1666
336 1664
106 1662
298 1660
513 1658
149 1656
70 1654
285 1652
1117 1650
1065 1648
1529 1646
1401 1644
954 1642
123 1640
268 1638
1085 1636
1485 1634
1140 1632
1563 1630
827 1628
283 1626
448 1624
654 1622
577 1620
91 1618
543 1616
1258 1614
1593 1612
341 1610
1430 1608
1035 1606
793 1604
633 1602
1260 1600
746 1598
484 1596
199 1594
121 1592
1377 1590
92 1588
1355 1586
502 1584
527 1582
563 1580
338 1578
905 1576
1384 1574
1258 1572
1529 1570
1101 1568
492 1566
1269 1564
1175 1562
1247 1560
1081 1558
304 1556
1137 1554
125 1552
394 1550
20 1548
584 1546
261 1544
1059 1542
1498 1540
671 1538
1077 1536
968 1534
303 1532
649 1530
1283 1528
117 1526
220 1524
70 1522
981 1520
782 1518
1121 1516
1065 1514
797 1512
130 1510
303 1508
1218 1506
479 1504
466 1502
150 1500
1135 1498
260 1496
1462 1494
1207 1492
958 1490
83 1488
1423 1486
225 1484
1423 1482
1227 1480
1242 1478
1192 1476
488 1474
228 1472
737 1470
1231 1468
281 1466
877 1464
1268 1462
245 1460
1254 1458
1141 1456
1 1454
952 1452
1395 1450
407 1448
267 1446
725 1444
1172 1442
368 1440
593 1438
1244 1436
540 1434
666 1432
621 1430
371 1428
1258 1426
534 1424
207 1422
251 1420
740 1418
501 1416
1161 1414
261 1412
1352 1410
929 1408
1164 1406
354 1404
199 1402
418 1400
842 1398
732 1396
688 1394
731 1392
404 1390
91 1388
513 1386
846 1384
303 1382
251 1380
591 1378
1072 1376
853 1374
1218 1372
319 1370
201 1368
44 1366
502 1364
412 1362
761 1360
1018 1358
1104 1356
1095 1354
1193 1352
1179 1350
1338 1348
635 1346
897 1344
580 1342
1310 1340
358 1338
572 1336
283 1334
1319 1332
216 1330
621 1328
942 1326
1058 1324
122 1322
1135 1320
295 1318
532 1316
886 1314
54 1312
415 1310
416 1308
1072 1306
168 1304
1085 1302
650 1300
990 1298
746 1296
1223 1294
127 1292
787 1290
922 1288
1238 1286
648 1284
544 1282
306 1280
11 1278
807 1276
152 1274
253 1272
651 1270
417 1268
744 1266
173 1264
818 1262
838 1260
1022 1258
41 1256
452 1254
392 1252
181 1250
133 1248
1045 1246
682 1244
166 1242
502 1240
513 1238
117 1236
406 1234
189 1232
247 1230
454 1228
211 1226
1114 1224
29 1222
687 1220
1031 1218
209 1216
319 1214
653 1212
416 1210
25 1208
610 1206
177 1204
362 1202
1027 1200
869 1198
515 1196
600 1194
57 1192
918 1190
1011 1188
820 1186
808 1184
334 1182
394 1180
991 1178
798 1176
51 1174
493 1172
54 1170
588 1168
594 1166
830 1164
481 1162
359 1160
1149 1158
1068 1156
732 1154
310 1152
463 1150
190 1148
704 1146
1045 1144
313 1142
90 1140
801 1138
885 1136
870 1134
28 1132
641 1130
906 1128
536 1126
650 1124
1016 1122
1098 1120
1030 1118
291 1116
495 1114
380 1112
909 1110
880 1108
169 1106
403 1104
277 1102
920 1100
947 1098
408 1096
550 1094
356 1092
670 1090
610 1088
156 1086
882 1084
303 1082
913 1080
754 1078
1041 1076
522 1074
923 1072
1031 1070
1016 1068
464 1066
978 1064
23 1062
387 1060
904 1058
770 1056
627 1054
903 1052
444 1050
639 1048
612 1046
251 1044
547 1042
807 1040
867 1038
715 1036
896 1034
733 1032
18 1030
1009 1028
364 1026
519 1024
575 1022
376 1020
155 1018
46 1016
264 1014
306 1012
998 1010
247 1008
251 1006
30 1004
900 1002
135 1000
239 998
554 996
880 994
615 992
672 990
86 988
249 986
622 984
458 982
930 980
465 978
834 976
753 974
421 972
96 970
493 968
218 966
29 964
623 962
797 960
288 958
473 956
619 954
468 952
290 950
252 948
550 946
357 944
481 942
522 940
688 938
145 936
591 934
366 932
532 930
830 928
342 926
313 924
715 922
760 920
869 918
652 916
860 914
212 912
48 910
399 908
699 906
572 904
129 902
366 900
136 898
800 896
578 894
698 892
20 890
388 888
829 886
471 884
765 882
448 880
330 878
643 876
854 874
433 872
332 870
697 868
717 866
296 864
391 862
400 860
388 858
105 856
812 854
546 852
323 850
310 848
753 846
212 844
781 842
479 840
508 838
292 836
239 834
210 832
802 830
195 828
391 826
511 824
39 822
803 820
592 818
640 816
698 814
624 812
250 810
473 808
144 806
221 804
23 802
470 800
132 798
660 796
511 794
76 792
329 790
299 788
759 786
338 784
106 782
137 780
178 778
323 776
302 774
123 772
529 770
472 768
626 766
511 764
510 762
374 760
281 758
2 756
226 754
89 752
500 750
574 748
133 746
277 744
262 742
686 740
629 738
619 736
703 734
566 732
479 730
157 728
61 726
701 724
400 722
586 720
413 718
156 716
462 714
329 712
38 710
159 708
185 706
87 704
53 702
180 700
415 698
32 696
635 694
213 692
213 690
266 688
522 686
452 684
521 682
351 680
302 678
497 676
439 674
457 672
310 670
546 668
514 666
137 664
481 662
140 660
416 658
577 656
56 654
486 652
227 650
168 648
468 646
471 644
311 642
230 640
233 638
227 636
281 634
631 632
51 630
402 628
161 626
525 624
565 622
508 620
170 618
7 616
45 614
215 612
324 610
112 608
123 606
60 604
294 602
486 600
483 598
473 596
403 594
480 592
492 590
250 588
174 586
549 584
298 582
373 580
529 578
146 576
527 574
201 572
470 570
140 568
474 566
72 564
505 562
26 560
350 558
418 556
112 554
352 552
467 550
67 548
216 546
21 544
125 542
40 540
528 538
202 536
359 534
245 532
96 530
297 528
303 526
513 524
294 522
480 520
348 518
447 516
217 514
131 512
88 510
79 508
315 506
398 504
362 502
492 500
436 498
442 496
88 494
168 492
402 490
8 488
59 486
340 484
245 482
56 480
92 478
254 476
332 474
451 472
290 470
229 468
463 466
463 464
286 462
205 460
238 458
283 456
311 454
165 452
94 450
413 448
308 446
293 444
105 442
407 440
323 438
415 436
31 434
355 432
179 430
335 428
195 426
264 424
95 422
92 420
286 418
374 416
344 414
326 412
367 410
178 408
310 406
235 404
102 402
126 400
152 398
289 396
198 394
373 392
118 390
384 388
238 386
190 384
251 382
147 380
195 378
50 376
372 374
289 372
83 370
161 368
209 366
175 364
31 362
91 360
100 358
215 356
291 354
114 352
145 350
134 348
214 346
186 344
307 342
79 340
242 338
249 336
40 334
98 332
252 330
96 328
201 326
311 324
151 322
225 320
182 318
230 316
232 314
267 312
198 310
11 308
47 306
247 304
126 302
229 300
93 298
131 296
69 294
259 292
174 290
164 288
51 286
44 284
197 282
24 280
146 278
201 276
181 274
146 272
110 270
192 268
58 266
46 264
242 262
15 260
219 258
34 256
149 254
168 252
124 250
59 248
37 246
165 244
85 242
19 240
76 238
211 236
95 234
216 232
108 230
150 228
90 226
33 224
23 222
171 220
152 218
92 216
177 214
34 212
203 210
148 208
67 206
16 204
87 202
140 200
54 198
99 196
10 194
146 192
102 190
93 188
19 186
91 184
145 182
12 180
97 178
105 176
62 174
62 172
1 170
108 168
105 166
55 164
145 162
88 160
151 158
100 156
105 154
115 152
78 150
90 148
55 146
63 144
26 142
7 140
111 138
43 136
60 134
1 132
83 130
5 128
125 126
27 124
70 122
80 120
65 118
60 116
95 114
35 112
57 110
0 108
69 106
86 104
98 102
24 100
22 98
83 96
68 94
27 92
32 90
58 88
67 86
15 84
27 82
50 80
20 78
54 76
53 74
13 72
26 70
27 68
0 66
6 64
52 62
32 60
29 58
27 56
16 54
48 52
33 50
14 48
6 46
24 44
6 42
20 40
37 38
6 36
31 34
10 32
22 30
1 28
22 26
17 24
11 22
10 20
2 18
14 16
5 14
1 12
1 10
2 8
4 6
1 4
1 2
