7530 12000
8800 11998
296 11996
8594 11994
5905 11992
6636 11990
8024 11988
6056 11986
8704 11984
10729 11982
8672 11980
1693 11978
6123 11976
7495 11974
2000 11972
1427 11970
11670 11968
3974 11966
8718 11964
464 11962
6181 11960
4216 11958
204 11956
4566 11954
2483 11952
1776 11950
7479 11948
1589 11946
9852 11944
9994 11942
1647 11940
11017 11938
2464 11936
2046 11934
2255 11932
4236 11930
6325 11928
11087 11926
295 11924
2920 11922
10247 11920
10569 11918
3103 11916
9314 11914
4079 11912
5739 11910
7887 11908
8146 11906
4357 11904
9860 11902
11242 11900
11859 11898
6201 11896
886 11894
6083 11892
1111 11890
10088 11888
4 11886
955 11884
3433 11882
3632 11880
2318 11878
2479 11876
9144 11874
648 11872
4862 11870
7907 11868
4359 11866
5095 11864
7588 11862
1385 11860
5187 11858
1027 11856
1653 11854
2086 11852
7741 11850
4223 11848
8456 11846
2443 11844
1204 11842
9590 11840
6983 11838
11552 11836
8280 11834
6299 11832
9872 11830
3063 11828
11402 11826
4581 11824
6758 11822
9514 11820
7598 11818
1845 11816
4041 11814
9073 11812
5394 11810
804 11808
9972 11806
8529 11804
3577 11802
3701 11800
11440 11798
9641 11796
5686 11794
8119 11792
11738 11790
8059 11788
10610 11786
1356 11784
3467 11782
6910 11780
2284 11778
10073 11776
11765 11774
10239 11772
2246 11770
880 11768
324 11766
7313 11764
9850 11762
10837 11760
3197 11758
6367 11756
8791 11754
10950 11752
8951 11750
520 11748
10924 11746
8428 11744
9932 11742
10894 11740
10929 11738
11727 11736
6537 11734
7543 11732
121 11730
7605 11728
5661 11726
8212 11724
485 11722
8698 11720
5789 11718
7197 11716
1860 11714
10353 11712
9710 11710
6482 11708
6918 11706
9910 11704
11018 11702
2758 11700
10685 11698
11034 11696
7153 11694
10996 11692
2545 11690
3999 11688
5168 11686
4473 11684
777 11682
6037 11680
2101 11678
7671 11676
1935 11674
2027 11672
3171 11670
5935 11668
668 11666
10194 11664
417 11662
2135 11660
6195 11658
10849 11656
8191 11654
7015 11652
7910 11650
4616 11648
11524 11646
6924 11644
2015 11642
2563 11640
739 11638
9774 11636
374 11634
300 11632
6139 11630
2016 11628
4764 11626
80 11624
5726 11622
11074 11620
8227 11618
9509 11616
2774 11614
10896 11612
6931 11610
1355 11608
2028 11606
2472 11604
10245 11602
4072 11600
6211 11598
6291 11596
82 11594
879 11592
11319 11590
5992 11588
1318 11586
6221 11584
416 11582
8509 11580
3468 11578
5970 11576
782 11574
2397 11572
8437 11570
9371 11568
5119 11566
329 11564
10589 11562
7588 11560
9014 11558
3561 11556
243 11554
6906 11552
6822 11550
10371 11548
2422 11546
8406 11544
1489 11542
2889 11540
2594 11538
10216 11536
5226 11534
297 11532
9806 11530
7738 11528
8372 11526
4053 11524
7515 11522
5074 11520
3764 11518
3941 11516
6072 11514
3134 11512
8231 11510
1259 11508
4749 11506
9376 11504
10343 11502
10595 11500
6112 11498
2336 11496
6446 11494
3887 11492
7946 11490
350 11488
5107 11486
6687 11484
9061 11482
4954 11480
7678 11478
299 11476
3728 11474
11317 11472
8813 11470
5528 11468
4543 11466
3967 11464
9339 11462
10495 11460
3659 11458
3384 11456
9037 11454
28 11452
10251 11450
2144 11448
7161 11446
6807 11444
7415 11442
7181 11440
8827 11438
7530 11436
5426 11434
10033 11432
11039 11430
11109 11428
7775 11426
4678 11424
795 11422
6651 11420
10204 11418
9112 11416
1264 11414
7365 11412
3811 11410
7903 11408
500 11406
149 11404
9858 11402
2403 11400
4870 11398
7670 11396
8737 11394
6679 11392
8962 11390
9672 11388
7396 11386
7768 11384
5222 11382
8433 11380
2348 11378
5692 11376
8654 11374
5306 11372
3542 11370
60 11368
4849 11366
6423 11364
1205 11362
9517 11360
10476 11358
7251 11356
5984 11354
4864 11352
924 11350
703 11348
5355 11346
835 11344
5204 11342
6770 11340
3843 11338
1322 11336
7550 11334
43 11332
8630 11330
1427 11328
4877 11326
4093 11324
10211 11322
6663 11320
8996 11318
5098 11316
954 11314
509 11312
3354 11310
8793 11308
239 11306
1137 11304
7559 11302
4943 11300
1410 11298
6501 11296
8774 11294
963 11292
10576 11290
10972 11288
189 11286
9322 11284
4047 11282
8168 11280
582 11278
8752 11276
3458 11274
3659 11272
5985 11270
4616 11268
3143 11266
9491 11264
743 11262
7714 11260
2272 11258
3550 11256
386 11254
10712 11252
7216 11250
10176 11248
4110 11246
3478 11244
3210 11242
2643 11240
3182 11238
6406 11236
5808 11234
486 11232
10032 11230
3193 11228
10473 11226
4365 11224
10663 11222
7959 11220
9077 11218
10217 11216
5753 11214
8599 11212
7067 11210
2134 11208
7681 11206
5169 11204
5715 11202
295 11200
4734 11198
2007 11196
395 11194
9962 11192
1767 11190
3475 11188
9362 11186
4649 11184
7710 11182
9923 11180
10864 11178
8233 11176
8607 11174
1110 11172
8379 11170
8124 11168
8018 11166
5292 11164
5362 11162
4452 11160
4126 11158
4926 11156
3577 11154
1498 11152
7746 11150
6990 11148
10023 11146
5237 11144
7703 11142
7750 11140
7346 11138
3820 11136
4039 11134
108 11132
2615 11130
4966 11128
2660 11126
2825 11124
2083 11122
4206 11120
10818 11118
4028 11116
9974 11114
6115 11112
9658 11110
8332 11108
2520 11106
3353 11104
10989 11102
6558 11100
3824 11098
6217 11096
8675 11094
2394 11092
6105 11090
4210 11088
8890 11086
6017 11084
2928 11082
7364 11080
6978 11078
10744 11076
5000 11074
4152 11072
4097 11070
1010 11068
10198 11066
3941 11064
5531 11062
10651 11060
8283 11058
5001 11056
9853 11054
6489 11052
7487 11050
6743 11048
7733 11046
3527 11044
5785 11042
9394 11040
4943 11038
1871 11036
3927 11034
2311 11032
2455 11030
332 11028
2000 11026
10250 11024
3271 11022
4703 11020
4777 11018
6371 11016
7822 11014
524 11012
8777 11010
6034 11008
983 11006
10687 11004
2997 11002
1239 11000
768 10998
3334 10996
1799 10994
6001 10992
6141 10990
9976 10988
8301 10986
6481 10984
7577 10982
10912 10980
7267 10978
9166 10976
1804 10974
5980 10972
3507 10970
1366 10968
3126 10966
5319 10964
7025 10962
1597 10960
4924 10958
8196 10956
4459 10954
7260 10952
10453 10950
2594 10948
5766 10946
4529 10944
1905 10942
482 10940
8912 10938
9276 10936
9288 10934
9522 10932
7281 10930
223 10928
6322 10926
5162 10924
2768 10922
7686 10920
5487 10918
5325 10916
1729 10914
9064 10912
6161 10910
8654 10908
738 10906
7799 10904
8309 10902
389 10900
10028 10898
3523 10896
4956 10894
299 10892
5222 10890
2956 10888
4972 10886
9100 10884
3196 10882
3724 10880
6245 10878
8748 10876
8547 10874
2139 10872
9689 10870
2994 10868
7658 10866
516 10864
9829 10862
5807 10860
7358 10858
3771 10856
7783 10854
7474 10852
1362 10850
3626 10848
6064 10846
4403 10844
3810 10842
10662 10840
7916 10838
1557 10836
789 10834
617 10832
9531 10830
2825 10828
4540 10826
6984 10824
10493 10822
6450 10820
5883 10818
1103 10816
8363 10814
7241 10812
3233 10810
3936 10808
5544 10806
7206 10804
8558 10802
7055 10800
4073 10798
6810 10796
1094 10794
3920 10792
10397 10790
6100 10788
8066 10786
860 10784
3143 10782
6963 10780
1616 10778
1260 10776
4411 10774
1811 10772
8053 10770
3683 10768
939 10766
3591 10764
7571 10762
1686 10760
1805 10758
10403 10756
2122 10754
5651 10752
9382 10750
8081 10748
2178 10746
5737 10744
4979 10742
10238 10740
3098 10738
5358 10736
6461 10734
5265 10732
2936 10730
8692 10728
2641 10726
7031 10724
8108 10722
10002 10720
5146 10718
4321 10716
2720 10714
1450 10712
9915 10710
954 10708
9186 10706
6389 10704
4359 10702
8766 10700
3921 10698
9321 10696
3146 10694
10274 10692
8953 10690
2633 10688
5738 10686
9060 10684
1923 10682
3252 10680
8866 10678
4796 10676
4527 10674
2771 10672
4289 10670
2660 10668
5822 10666
4860 10664
10438 10662
840 10660
3254 10658
3173 10656
10229 10654
4868 10652
3774 10650
7713 10648
4845 10646
7304 10644
6002 10642
1841 10640
7372 10638
9280 10636
5640 10634
4057 10632
6601 10630
457 10628
8567 10626
905 10624
83 10622
7302 10620
5641 10618
9214 10616
9899 10614
3475 10612
350 10610
9287 10608
199 10606
1870 10604
1508 10602
3697 10600
4590 10598
1438 10596
10535 10594
7024 10592
9266 10590
3432 10588
2545 10586
869 10584
6797 10582
8227 10580
5441 10578
8375 10576
4392 10574
8644 10572
3322 10570
3936 10568
6847 10566
1315 10564
281 10562
9759 10560
8463 10558
1445 10556
6743 10554
9834 10552
4998 10550
1349 10548
4689 10546
4490 10544
5633 10542
6377 10540
5198 10538
1604 10536
5383 10534
7525 10532
10460 10530
1609 10528
1770 10526
8688 10524
1994 10522
7176 10520
6609 10518
950 10516
4005 10514
2242 10512
8922 10510
5393 10508
6279 10506
1809 10504
8699 10502
6659 10500
5110 10498
2085 10496
9537 10494
7470 10492
7522 10490
8847 10488
9559 10486
5500 10484
6690 10482
3964 10480
8782 10478
1050 10476
9812 10474
8634 10472
6397 10470
3422 10468
8398 10466
2934 10464
7054 10462
6474 10460
804 10458
1769 10456
81 10454
3505 10452
8162 10450
7577 10448
664 10446
3752 10444
6415 10442
1251 10440
3184 10438
1126 10436
1200 10434
652 10432
6475 10430
4444 10428
7671 10426
10385 10424
5516 10422
289 10420
2011 10418
9194 10416
8938 10414
7296 10412
6776 10410
9936 10408
5780 10406
7312 10404
7996 10402
1193 10400
9009 10398
6102 10396
9019 10394
7713 10392
7486 10390
6486 10388
7557 10386
1305 10384
10314 10382
9007 10380
7876 10378
8607 10376
3890 10374
4000 10372
8785 10370
2641 10368
3867 10366
9793 10364
9752 10362
6859 10360
5032 10358
7982 10356
8728 10354
7428 10352
4926 10350
4166 10348
3289 10346
1345 10344
1497 10342
2138 10340
1604 10338
5738 10336
9390 10334
1730 10332
2462 10330
1018 10328
7746 10326
6981 10324
1826 10322
2336 10320
4619 10318
8899 10316
4734 10314
7327 10312
3163 10310
2734 10308
2936 10306
433 10304
1264 10302
2960 10300
3314 10298
190 10296
5153 10294
597 10292
3615 10290
2200 10288
3083 10286
7168 10284
2705 10282
7147 10280
1106 10278
2252 10276
5778 10274
5676 10272
4658 10270
9797 10268
5355 10266
4557 10264
3088 10262
9591 10260
8998 10258
626 10256
4879 10254
7507 10252
9493 10250
4407 10248
3133 10246
3701 10244
3324 10242
4044 10240
1053 10238
9039 10236
9500 10234
5665 10232
9020 10230
9228 10228
9150 10226
9272 10224
5947 10222
6103 10220
435 10218
3168 10216
6758 10214
1696 10212
7761 10210
7985 10208
3993 10206
7871 10204
1565 10202
2689 10200
533 10198
7953 10196
6241 10194
7104 10192
1735 10190
5334 10188
5244 10186
3468 10184
970 10182
6939 10180
6817 10178
7085 10176
8406 10174
1714 10172
8655 10170
7715 10168
6418 10166
7066 10164
1106 10162
7762 10160
4622 10158
5310 10156
4760 10154
7274 10152
9846 10150
4373 10148
6984 10146
1735 10144
7526 10142
1034 10140
10051 10138
8924 10136
7825 10134
7951 10132
2578 10130
6796 10128
9899 10126
72 10124
7258 10122
7956 10120
8779 10118
6778 10116
4910 10114
3426 10112
6116 10110
7382 10108
2267 10106
10015 10104
4765 10102
4648 10100
9091 10098
9741 10096
1655 10094
9929 10092
3956 10090
867 10088
5382 10086
1058 10084
4297 10082
7341 10080
1503 10078
9533 10076
8506 10074
941 10072
2885 10070
9724 10068
5226 10066
3781 10064
7309 10062
207 10060
2675 10058
4991 10056
6238 10054
3461 10052
5150 10050
5885 10048
2823 10046
3890 10044
8376 10042
1731 10040
577 10038
8670 10036
7024 10034
7216 10032
1637 10030
3940 10028
9520 10026
5286 10024
9397 10022
412 10020
9212 10018
528 10016
5170 10014
2748 10012
7505 10010
6730 10008
546 10006
7699 10004
3318 10002
916 10000
7387 9998
4405 9996
6028 9994
8607 9992
7481 9990
1483 9988
2327 9986
7166 9984
2587 9982
1971 9980
411 9978
5796 9976
6046 9974
9245 9972
2320 9970
7836 9968
6368 9966
6423 9964
8437 9962
4073 9960
7258 9958
2052 9956
3018 9954
1695 9952
8565 9950
9889 9948
6536 9946
9567 9944
1563 9942
4819 9940
7217 9938
7761 9936
9345 9934
605 9932
3677 9930
4754 9928
3423 9926
9208 9924
8850 9922
4468 9920
6370 9918
1341 9916
3418 9914
7814 9912
5368 9910
8170 9908
6319 9906
2852 9904
9112 9902
4662 9900
5815 9898
7455 9896
4959 9894
3069 9892
2400 9890
9638 9888
1924 9886
7688 9884
5519 9882
2293 9880
5663 9878
6084 9876
8001 9874
269 9872
4421 9870
818 9868
4036 9866
3726 9864
8965 9862
5615 9860
9186 9858
6910 9856
1797 9854
2518 9852
3560 9850
6527 9848
2704 9846
5818 9844
7042 9842
1764 9840
2427 9838
4589 9836
9075 9834
7929 9832
6143 9830
9757 9828
938 9826
8811 9824
6817 9822
220 9820
1139 9818
2225 9816
5186 9814
2547 9812
511 9810
8910 9808
7035 9806
2428 9804
6318 9802
6338 9800
9349 9798
7489 9796
2081 9794
8200 9792
3312 9790
8997 9788
9773 9786
4406 9784
8318 9782
7391 9780
9550 9778
7017 9776
6787 9774
2879 9772
1439 9770
4286 9768
5521 9766
1326 9764
6060 9762
6312 9760
9398 9758
6417 9756
6697 9754
7777 9752
8412 9750
8271 9748
1855 9746
1925 9744
8930 9742
7696 9740
2325 9738
1664 9736
4975 9734
3063 9732
8116 9730
6009 9728
1532 9726
7320 9724
2695 9722
6383 9720
7270 9718
9212 9716
7394 9714
119 9712
2003 9710
5330 9708
8631 9706
9544 9704
7268 9702
6155 9700
2539 9698
1737 9696
1510 9694
4724 9692
7653 9690
425 9688
1227 9686
5914 9684
235 9682
7814 9680
1913 9678
2191 9676
5204 9674
52 9672
6674 9670
4968 9668
934 9666
1370 9664
3537 9662
1759 9660
1555 9658
9029 9656
1528 9654
4437 9652
313 9650
2486 9648
8321 9646
5152 9644
3483 9642
1753 9640
4917 9638
288 9636
4721 9634
6945 9632
4616 9630
6903 9628
2494 9626
5213 9624
3015 9622
2266 9620
81 9618
2429 9616
5987 9614
2943 9612
7036 9610
9503 9608
7136 9606
5800 9604
1644 9602
1766 9600
1832 9598
1708 9596
4436 9594
8549 9592
6629 9590
3599 9588
3507 9586
3839 9584
9564 9582
6939 9580
814 9578
3013 9576
4886 9574
4727 9572
731 9570
5087 9568
2090 9566
3076 9564
3216 9562
5623 9560
2644 9558
9051 9556
4159 9554
3981 9552
1328 9550
2733 9548
4714 9546
3327 9544
6223 9542
2352 9540
8280 9538
5953 9536
9329 9534
1347 9532
4285 9530
1993 9528
7623 9526
7489 9524
7805 9522
9456 9520
7324 9518
3810 9516
4141 9514
6202 9512
25 9510
2780 9508
856 9506
1458 9504
9501 9502
1300 9500
4109 9498
3363 9496
5772 9494
4801 9492
4439 9490
6305 9488
5425 9486
7334 9484
7227 9482
1710 9480
6368 9478
8283 9476
7866 9474
676 9472
5279 9470
3906 9468
7646 9466
3357 9464
2886 9462
4721 9460
4159 9458
7059 9456
2586 9454
6276 9452
6242 9450
5754 9448
4670 9446
8656 9444
6286 9442
1296 9440
7679 9438
2402 9436
8484 9434
9378 9432
7612 9430
4657 9428
5114 9426
4964 9424
9160 9422
2011 9420
4806 9418
7430 9416
5431 9414
4753 9412
9108 9410
3111 9408
5486 9406
8919 9404
8731 9402
1097 9400
6539 9398
1876 9396
1300 9394
7003 9392
5671 9390
6260 9388
9124 9386
5553 9384
3580 9382
7324 9380
5228 9378
2868 9376
4099 9374
8450 9372
736 9370
4708 9368
5728 9366
1064 9364
2484 9362
2748 9360
510 9358
4064 9356
2608 9354
5449 9352
8473 9350
6817 9348
3393 9346
5417 9344
9037 9342
6052 9340
1348 9338
2419 9336
2903 9334
1138 9332
2542 9330
5612 9328
6200 9326
9066 9324
6369 9322
8348 9320
994 9318
4424 9316
2285 9314
8221 9312
5845 9310
5603 9308
6733 9306
8015 9304
7346 9302
2137 9300
3674 9298
1714 9296
630 9294
40 9292
532 9290
5457 9288
7768 9286
272 9284
6210 9282
2736 9280
7719 9278
3050 9276
6785 9274
2300 9272
2289 9270
8008 9268
1501 9266
1507 9264
1678 9262
1495 9260
5573 9258
2862 9256
7839 9254
5816 9252
7113 9250
7939 9248
3884 9246
6519 9244
1051 9242
1892 9240
8824 9238
8880 9236
94 9234
8368 9232
1022 9230
1672 9228
8397 9226
1933 9224
8919 9222
7055 9220
3359 9218
8008 9216
5828 9214
8961 9212
4927 9210
6600 9208
7901 9206
9156 9204
8593 9202
3629 9200
6236 9198
2393 9196
1712 9194
7899 9192
3643 9190
5245 9188
8942 9186
1485 9184
631 9182
9127 9180
2239 9178
136 9176
3377 9174
6048 9172
3866 9170
3155 9168
2095 9166
919 9164
1943 9162
5276 9160
5506 9158
7455 9156
7227 9154
1320 9152
1679 9150
700 9148
2438 9146
6373 9144
3794 9142
6683 9140
5366 9138
8032 9136
1258 9134
3224 9132
7286 9130
8660 9128
7158 9126
4988 9124
6998 9122
7360 9120
8901 9118
1242 9116
769 9114
427 9112
1365 9110
5649 9108
4557 9106
959 9104
6882 9102
666 9100
5428 9098
7063 9096
535 9094
6393 9092
4686 9090
6939 9088
5933 9086
3126 9084
8821 9082
8060 9080
2923 9078
4048 9076
5937 9074
5825 9072
4588 9070
2953 9068
6569 9066
4657 9064
181 9062
6911 9060
1861 9058
3672 9056
7215 9054
6517 9052
362 9050
5840 9048
1220 9046
1583 9044
5899 9042
7898 9040
1804 9038
8255 9036
1754 9034
706 9032
3472 9030
3397 9028
8010 9026
2323 9024
1196 9022
6942 9020
5440 9018
5608 9016
7379 9014
8830 9012
8887 9010
7694 9008
8977 9006
7681 9004
1593 9002
2623 9000
6843 8998
2336 8996
6199 8994
3303 8992
1796 8990
4293 8988
477 8986
5551 8984
6313 8982
5797 8980
1898 8978
1311 8976
6472 8974
4579 8972
5932 8970
2658 8968
1161 8966
421 8964
317 8962
2949 8960
6264 8958
3432 8956
116 8954
7533 8952
8839 8950
8479 8948
676 8946
1822 8944
1360 8942
763 8940
3933 8938
3966 8936
5062 8934
4960 8932
1644 8930
1495 8928
8749 8926
1229 8924
2782 8922
7614 8920
2517 8918
7235 8916
5327 8914
8087 8912
2961 8910
2613 8908
5466 8906
4653 8904
7032 8902
4914 8900
762 8898
7226 8896
1547 8894
870 8892
2234 8890
8130 8888
3958 8886
6081 8884
3597 8882
8847 8880
3144 8878
7897 8876
4282 8874
5699 8872
4279 8870
7771 8868
7882 8866
1982 8864
273 8862
111 8860
974 8858
5046 8856
6934 8854
3922 8852
8104 8850
8520 8848
6123 8846
830 8844
586 8842
2418 8840
7523 8838
1266 8836
3990 8834
8753 8832
3285 8830
699 8828
1794 8826
4396 8824
133 8822
1751 8820
594 8818
3466 8816
4392 8814
275 8812
4318 8810
2831 8808
7605 8806
4599 8804
2462 8802
2339 8800
2321 8798
3296 8796
3836 8794
4548 8792
5382 8790
7104 8788
5385 8786
4259 8784
2135 8782
4880 8780
1286 8778
2864 8776
7455 8774
1591 8772
7850 8770
7358 8768
3286 8766
8585 8764
646 8762
2060 8760
5731 8758
8320 8756
7573 8754
5727 8752
446 8750
5694 8748
6345 8746
5525 8744
6149 8742
365 8740
7531 8738
4169 8736
1105 8734
5933 8732
5106 8730
3607 8728
3588 8726
1092 8724
4880 8722
2914 8720
8602 8718
2422 8716
6791 8714
7945 8712
496 8710
824 8708
1018 8706
2005 8704
6549 8702
2252 8700
4426 8698
97 8696
4198 8694
6534 8692
641 8690
645 8688
3163 8686
2185 8684
4418 8682
3963 8680
5432 8678
7910 8676
1624 8674
5919 8672
3889 8670
5387 8668
1467 8666
1495 8664
1065 8662
8170 8660
4588 8658
6661 8656
4370 8654
6084 8652
404 8650
5172 8648
2589 8646
7552 8644
3669 8642
8546 8640
2655 8638
2343 8636
2793 8634
3460 8632
189 8630
7233 8628
7230 8626
7433 8624
3099 8622
1301 8620
8057 8618
3942 8616
4228 8614
2236 8612
3214 8610
737 8608
389 8606
2402 8604
1242 8602
3023 8600
7405 8598
458 8596
4338 8594
2026 8592
1708 8590
3100 8588
1139 8586
2818 8584
235 8582
94 8580
5360 8578
4793 8576
4250 8574
1929 8572
3596 8570
5429 8568
5911 8566
480 8564
6180 8562
3559 8560
863 8558
278 8556
4882 8554
7911 8552
418 8550
6994 8548
1239 8546
6376 8544
8516 8542
4148 8540
8387 8538
7762 8536
900 8534
8265 8532
3823 8530
5842 8528
3055 8526
3828 8524
575 8522
2223 8520
8366 8518
2864 8516
6426 8514
1274 8512
6341 8510
706 8508
1798 8506
6414 8504
2988 8502
5344 8500
5360 8498
3705 8496
6697 8494
7910 8492
3904 8490
6014 8488
4402 8486
125 8484
6797 8482
5140 8480
7215 8478
91 8476
4735 8474
8195 8472
2422 8470
2791 8468
2950 8466
5702 8464
642 8462
5447 8460
3792 8458
4791 8456
6088 8454
8384 8452
7281 8450
1292 8448
6188 8446
5929 8444
1039 8442
8149 8440
2128 8438
4583 8436
6086 8434
682 8432
7706 8430
6201 8428
6450 8426
524 8424
2301 8422
8346 8420
438 8418
3063 8416
2923 8414
6033 8412
5615 8410
382 8408
4467 8406
715 8404
2496 8402
1114 8400
7270 8398
4546 8396
433 8394
4730 8392
2942 8390
4923 8388
2228 8386
1451 8384
89 8382
6029 8380
5128 8378
7014 8376
4454 8374
2790 8372
7483 8370
5219 8368
370 8366
3603 8364
1389 8362
3350 8360
355 8358
3086 8356
2731 8354
602 8352
4395 8350
7884 8348
6336 8346
5542 8344
1009 8342
3289 8340
6286 8338
4662 8336
4492 8334
1756 8332
8266 8330
5504 8328
4102 8326
3397 8324
7103 8322
5756 8320
169 8318
2295 8316
6656 8314
2101 8312
8052 8310
1213 8308
3767 8306
6101 8304
549 8302
5062 8300
4610 8298
6183 8296
3707 8294
568 8292
5333 8290
8275 8288
6098 8286
5280 8284
2361 8282
6225 8280
6808 8278
2906 8276
5212 8274
6892 8272
3019 8270
2495 8268
7841 8266
2566 8264
5587 8262
1062 8260
4819 8258
4859 8256
1668 8254
3637 8252
3017 8250
5518 8248
8188 8246
5497 8244
160 8242
2487 8240
7560 8238
1412 8236
835 8234
5947 8232
6484 8230
4698 8228
1320 8226
3136 8224
609 8222
5406 8220
4881 8218
5894 8216
7287 8214
7618 8212
7858 8210
7581 8208
1147 8206
224 8204
2324 8202
2800 8200
7419 8198
741 8196
776 8194
1416 8192
1813 8190
7351 8188
3549 8186
7803 8184
5543 8182
4656 8180
3374 8178
3955 8176
822 8174
8028 8172
1134 8170
7107 8168
6749 8166
6715 8164
6972 8162
5686 8160
3771 8158
5113 8156
899 8154
4023 8152
1760 8150
4649 8148
3396 8146
5426 8144
1173 8142
1311 8140
7475 8138
287 8136
3532 8134
7907 8132
7945 8130
3672 8128
655 8126
7060 8124
7818 8122
3303 8120
5423 8118
4616 8116
1188 8114
708 8112
1660 8110
257 8108
5803 8106
2416 8104
6634 8102
6579 8100
3379 8098
748 8096
4485 8094
286 8092
6332 8090
2965 8088
832 8086
6019 8084
5572 8082
6640 8080
812 8078
2440 8076
2991 8074
6945 8072
7046 8070
5131 8068
6818 8066
5364 8064
1548 8062
4769 8060
5839 8058
800 8056
3172 8054
2930 8052
2730 8050
6217 8048
4749 8046
5 8044
4035 8042
5669 8040
4029 8038
7581 8036
3690 8034
1685 8032
4519 8030
2889 8028
3297 8026
4385 8024
2485 8022
2736 8020
5503 8018
3221 8016
5457 8014
4359 8012
1541 8010
5671 8008
1385 8006
2825 8004
7679 8002
2437 8000
1366 7998
6736 7996
4637 7994
1637 7992
4197 7990
1252 7988
2271 7986
288 7984
294 7982
4412 7980
1018 7978
6776 7976
5727 7974
2329 7972
7902 7970
3243 7968
1716 7966
4957 7964
4576 7962
2161 7960
4910 7958
5955 7956
3867 7954
2092 7952
98 7950
5655 7948
2310 7946
444 7944
6970 7942
5702 7940
7450 7938
118 7936
503 7934
6852 7932
1603 7930
420 7928
3843 7926
5456 7924
2495 7922
1755 7920
2830 7918
4614 7916
4974 7914
7718 7912
911 7910
4855 7908
4770 7906
3854 7904
1783 7902
211 7900
1985 7898
6212 7896
6988 7894
6724 7892
6268 7890
7492 7888
515 7886
4295 7884
7053 7882
751 7880
5657 7878
688 7876
5010 7874
1723 7872
6271 7870
391 7868
2726 7866
5579 7864
799 7862
6483 7860
7371 7858
5463 7856
4607 7854
2540 7852
2480 7850
3390 7848
2768 7846
3368 7844
3148 7842
4555 7840
78 7838
2980 7836
5083 7834
1257 7832
4699 7830
6270 7828
5222 7826
2750 7824
7727 7822
6327 7820
6361 7818
1451 7816
3224 7814
5322 7812
7367 7810
7179 7808
627 7806
6165 7804
1417 7802
1537 7800
6715 7798
984 7796
3513 7794
1806 7792
5597 7790
3071 7788
1838 7786
3444 7784
3520 7782
760 7780
7670 7778
5674 7776
2452 7774
6043 7772
7587 7770
6007 7768
4922 7766
447 7764
6058 7762
6770 7760
4251 7758
1680 7756
1176 7754
4726 7752
3741 7750
2637 7748
6212 7746
637 7744
391 7742
386 7740
2215 7738
5930 7736
6365 7734
6662 7732
2750 7730
297 7728
5136 7726
3008 7724
2444 7722
6360 7720
925 7718
5530 7716
2994 7714
4222 7712
7546 7710
5500 7708
7156 7706
6345 7704
2628 7702
4762 7700
6669 7698
4112 7696
6940 7694
2631 7692
6318 7690
7085 7688
3287 7686
2140 7684
2553 7682
2723 7680
4699 7678
6847 7676
4792 7674
1171 7672
3642 7670
2193 7668
4402 7666
1230 7664
6995 7662
1325 7660
4712 7658
1805 7656
5990 7654
5175 7652
6641 7650
2329 7648
1503 7646
5824 7644
3164 7642
6385 7640
4444 7638
2727 7636
1467 7634
5350 7632
1443 7630
867 7628
2467 7626
6497 7624
6035 7622
1306 7620
2613 7618
2867 7616
3053 7614
4132 7612
949 7610
3582 7608
3303 7606
2977 7604
6959 7602
3890 7600
1929 7598
3856 7596
3591 7594
7250 7592
1888 7590
6084 7588
3360 7586
6028 7584
1174 7582
2392 7580
3564 7578
3202 7576
3579 7574
3179 7572
6353 7570
624 7568
5416 7566
4304 7564
3555 7562
1673 7560
6164 7558
6427 7556
5875 7554
6939 7552
758 7550
4694 7548
1352 7546
393 7544
2332 7542
6495 7540
3994 7538
1919 7536
3756 7534
3841 7532
3934 7530
4607 7528
191 7526
1588 7524
470 7522
5380 7520
1279 7518
2071 7516
2185 7514
1903 7512
4519 7510
3801 7508
3204 7506
182 7504
2623 7502
5144 7500
6241 7498
1087 7496
3291 7494
4945 7492
6223 7490
1111 7488
6146 7486
410 7484
2713 7482
6056 7480
3186 7478
2401 7476
5284 7474
4068 7472
572 7470
249 7468
6530 7466
5917 7464
6317 7462
240 7460
6029 7458
6101 7456
5959 7454
1090 7452
224 7450
3254 7448
4378 7446
1269 7444
4768 7442
3330 7440
1877 7438
1311 7436
2515 7434
5506 7432
2705 7430
6557 7428
232 7426
2601 7424
3245 7422
7418 7420
3842 7418
6168 7416
3508 7414
6854 7412
3490 7410
2727 7408
4905 7406
1158 7404
5425 7402
1005 7400
5716 7398
4963 7396
5247 7394
3719 7392
4140 7390
897 7388
1549 7386
5453 7384
5416 7382
7284 7380
6371 7378
2402 7376
6858 7374
2505 7372
5763 7370
5620 7368
1358 7366
4328 7364
4012 7362
422 7360
4150 7358
169 7356
7199 7354
5906 7352
4621 7350
4191 7348
1243 7346
4086 7344
3335 7342
2597 7340
6713 7338
766 7336
5759 7334
4737 7332
1086 7330
6526 7328
4344 7326
5220 7324
6563 7322
6218 7320
1800 7318
2730 7316
5246 7314
5756 7312
5461 7310
4312 7308
4968 7306
4603 7304
2284 7302
6149 7300
5188 7298
3471 7296
7076 7294
1708 7292
2627 7290
6890 7288
3827 7286
5345 7284
1401 7282
74 7280
5790 7278
4860 7276
3562 7274
1715 7272
1056 7270
6137 7268
2735 7266
4093 7264
3654 7262
1124 7260
4573 7258
954 7256
5557 7254
5351 7252
3541 7250
4711 7248
1904 7246
4108 7244
5765 7242
4167 7240
6519 7238
2339 7236
2440 7234
5130 7232
1010 7230
5109 7228
2217 7226
6428 7224
4890 7222
4443 7220
4261 7218
3171 7216
4003 7214
6038 7212
7082 7210
2800 7208
3280 7206
497 7204
3786 7202
3283 7200
5133 7198
3764 7196
4766 7194
1492 7192
3077 7190
6205 7188
4611 7186
5131 7184
5070 7182
4027 7180
763 7178
4492 7176
6719 7174
1773 7172
582 7170
1163 7168
1065 7166
6785 7164
2730 7162
6717 7160
5163 7158
4026 7156
349 7154
3236 7152
729 7150
6910 7148
768 7146
3666 7144
3263 7142
3254 7140
4134 7138
5198 7136
4051 7134
5723 7132
3908 7130
5845 7128
20 7126
1610 7124
2318 7122
6903 7120
2565 7118
6095 7116
5770 7114
5970 7112
1926 7110
1296 7108
826 7106
6752 7104
3384 7102
1705 7100
2887 7098
4892 7096
6397 7094
3286 7092
6096 7090
5712 7088
1692 7086
978 7084
5629 7082
787 7080
6557 7078
6810 7076
3974 7074
4986 7072
6699 7070
2060 7068
4763 7066
6566 7064
3775 7062
4142 7060
475 7058
631 7056
3954 7054
2350 7052
1805 7050
2923 7048
4897 7046
1101 7044
1450 7042
5010 7040
6365 7038
2714 7036
5707 7034
2542 7032
4718 7030
3767 7028
2603 7026
249 7024
230 7022
6709 7020
4183 7018
5050 7016
2396 7014
5523 7012
1220 7010
3815 7008
3015 7006
2483 7004
2978 7002
78 7000
1990 6998
4835 6996
693 6994
2377 6992
5350 6990
5028 6988
2653 6986
1155 6984
4855 6982
4535 6980
720 6978
2023 6976
6649 6974
6690 6972
2645 6970
5354 6968
4827 6966
4481 6964
3727 6962
3200 6960
1393 6958
2001 6956
1127 6954
2346 6952
3364 6950
1174 6948
1728 6946
5760 6944
617 6942
436 6940
6714 6938
5561 6936
317 6934
5376 6932
4769 6930
410 6928
5865 6926
1302 6924
2415 6922
4771 6920
864 6918
692 6916
3018 6914
3788 6912
31 6910
6539 6908
2176 6906
3530 6904
2148 6902
6170 6900
1324 6898
3811 6896
2417 6894
4406 6892
1312 6890
92 6888
2522 6886
2900 6884
3281 6882
4525 6880
2144 6878
4995 6876
1305 6874
4365 6872
5824 6870
4785 6868
855 6866
2377 6864
2430 6862
6790 6860
6796 6858
2619 6856
431 6854
2975 6852
5830 6850
4762 6848
5485 6846
6573 6844
239 6842
1512 6840
1390 6838
6016 6836
1993 6834
1005 6832
5290 6830
5287 6828
1233 6826
1606 6824
4646 6822
6690 6820
1222 6818
2262 6816
4889 6814
2801 6812
4642 6810
4555 6808
4503 6806
3409 6804
1691 6802
3717 6800
968 6798
637 6796
872 6794
4275 6792
4641 6790
2554 6788
3507 6786
1695 6784
59 6782
3219 6780
6376 6778
374 6776
1214 6774
2242 6772
2898 6770
59 6768
4969 6766
4169 6764
6569 6762
1941 6760
3961 6758
4618 6756
2215 6754
4421 6752
2081 6750
1656 6748
6311 6746
3511 6744
833 6742
6411 6740
5765 6738
6084 6736
4745 6734
3047 6732
809 6730
6613 6728
4963 6726
4296 6724
4875 6722
861 6720
2679 6718
3579 6716
5675 6714
1655 6712
5738 6710
3898 6708
2765 6706
867 6704
135 6702
3808 6700
207 6698
3188 6696
3940 6694
6321 6692
4119 6690
2898 6688
41 6686
5675 6684
5973 6682
3399 6680
2190 6678
5964 6676
2450 6674
24 6672
2482 6670
6079 6668
6091 6666
4358 6664
365 6662
5397 6660
436 6658
5625 6656
530 6654
4115 6652
2794 6650
2358 6648
3079 6646
4350 6644
840 6642
2987 6640
6283 6638
6123 6636
6065 6634
1032 6632
137 6630
220 6628
6129 6626
1826 6624
456 6622
2351 6620
2648 6618
784 6616
5917 6614
2373 6612
3544 6610
6289 6608
4127 6606
4642 6604
301 6602
1259 6600
5950 6598
3296 6596
1278 6594
3191 6592
4390 6590
5407 6588
494 6586
682 6584
4226 6582
4227 6580
5718 6578
5406 6576
147 6574
4451 6572
3627 6570
4666 6568
3801 6566
738 6564
867 6562
1821 6560
4653 6558
2677 6556
2717 6554
210 6552
5573 6550
5312 6548
527 6546
1540 6544
3483 6542
4603 6540
5791 6538
2537 6536
6069 6534
3644 6532
3121 6530
3719 6528
2803 6526
2135 6524
290 6522
158 6520
6164 6518
2137 6516
5605 6514
4769 6512
1772 6510
2315 6508
5513 6506
988 6504
4192 6502
4409 6500
3669 6498
6106 6496
1590 6494
3442 6492
3299 6490
3795 6488
3613 6486
768 6484
725 6482
2575 6480
5055 6478
3191 6476
42 6474
5207 6472
4169 6470
4729 6468
1705 6466
1321 6464
3774 6462
6425 6460
746 6458
5285 6456
262 6454
5945 6452
1688 6450
3441 6448
1551 6446
239 6444
1174 6442
5804 6440
3445 6438
1873 6436
4018 6434
602 6432
5683 6430
599 6428
151 6426
1804 6424
5952 6422
5744 6420
5839 6418
630 6416
5856 6414
3872 6412
1604 6410
5504 6408
4609 6406
5099 6404
1905 6402
210 6400
5719 6398
900 6396
3787 6394
3675 6392
4659 6390
5121 6388
602 6386
404 6384
2330 6382
5126 6380
2638 6378
3875 6376
3059 6374
2924 6372
4020 6370
799 6368
2785 6366
1068 6364
5594 6362
6166 6360
5531 6358
2884 6356
159 6354
1680 6352
420 6350
3418 6348
2479 6346
1584 6344
2834 6342
3111 6340
5257 6338
51 6336
3076 6334
1311 6332
4411 6330
942 6328
2569 6326
116 6324
3235 6322
3500 6320
3452 6318
4738 6316
5384 6314
3058 6312
2300 6310
772 6308
1316 6306
4546 6304
416 6302
2874 6300
2018 6298
2224 6296
2520 6294
2796 6292
3143 6290
3659 6288
5951 6286
1939 6284
5610 6282
745 6280
3818 6278
754 6276
5916 6274
5112 6272
5920 6270
5445 6268
563 6266
225 6264
4648 6262
4849 6260
254 6258
1393 6256
5521 6254
3385 6252
846 6250
2340 6248
5873 6246
1708 6244
4853 6242
5975 6240
1864 6238
6124 6236
1854 6234
5093 6232
934 6230
2163 6228
4934 6226
1558 6224
1406 6222
4947 6220
1163 6218
1331 6216
1522 6214
5055 6212
5957 6210
976 6208
1089 6206
2771 6204
2342 6202
4275 6200
4827 6198
3849 6196
3303 6194
1424 6192
4615 6190
5956 6188
5619 6186
5452 6184
5521 6182
2916 6180
5795 6178
523 6176
2299 6174
2267 6172
3393 6170
3120 6168
5986 6166
4477 6164
1050 6162
644 6160
541 6158
4653 6156
4847 6154
4361 6152
5887 6150
4619 6148
2604 6146
5454 6144
2897 6142
1015 6140
2094 6138
1038 6136
2164 6134
4147 6132
4441 6130
1120 6128
5064 6126
4794 6124
2085 6122
2251 6120
2018 6118
4725 6116
2880 6114
5973 6112
3530 6110
368 6108
2772 6106
4957 6104
6028 6102
4418 6100
5101 6098
3314 6096
3761 6094
2825 6092
1293 6090
1797 6088
4713 6086
3769 6084
2687 6082
5568 6080
1432 6078
3876 6076
5124 6074
400 6072
2126 6070
1654 6068
3386 6066
1192 6064
2868 6062
3102 6060
1530 6058
1034 6056
1614 6054
242 6052
2515 6050
4429 6048
688 6046
2857 6044
112 6042
502 6040
1269 6038
5831 6036
2277 6034
5654 6032
4001 6030
3720 6028
1507 6026
4544 6024
3092 6022
4768 6020
2354 6018
2093 6016
4623 6014
3795 6012
1518 6010
2657 6008
4933 6006
5363 6004
4868 6002
3364 6000
620 5998
1619 5996
5650 5994
5451 5992
235 5990
705 5988
2620 5986
50 5984
4052 5982
5610 5980
2397 5978
1557 5976
5164 5974
3605 5972
521 5970
141 5968
2659 5966
3200 5964
4077 5962
4291 5960
5619 5958
2401 5956
4316 5954
617 5952
2432 5950
1469 5948
1480 5946
1973 5944
395 5942
1540 5940
5337 5938
430 5936
5090 5934
5296 5932
1452 5930
2114 5928
4054 5926
2892 5924
4465 5922
2873 5920
2459 5918
2861 5916
2794 5914
2296 5912
2106 5910
3760 5908
672 5906
2577 5904
934 5902
2077 5900
942 5898
3178 5896
3649 5894
5383 5892
1895 5890
5040 5888
747 5886
2603 5884
3770 5882
3354 5880
5757 5878
2884 5876
3494 5874
1598 5872
4299 5870
5513 5868
4310 5866
5660 5864
1847 5862
3524 5860
2328 5858
2720 5856
1250 5854
2281 5852
5055 5850
2941 5848
1254 5846
2470 5844
2359 5842
2751 5840
632 5838
5558 5836
1054 5834
627 5832
1178 5830
4701 5828
2019 5826
5674 5824
2372 5822
2357 5820
5667 5818
1056 5816
1945 5814
1835 5812
4867 5810
2270 5808
3213 5806
5000 5804
922 5802
1660 5800
132 5798
1400 5796
5132 5794
2383 5792
3670 5790
1784 5788
2023 5786
1420 5784
5224 5782
1959 5780
4277 5778
591 5776
2028 5774
276 5772
4766 5770
2731 5768
5745 5766
1644 5764
3090 5762
3677 5760
4851 5758
1777 5756
2091 5754
3959 5752
4584 5750
4401 5748
2309 5746
194 5744
2498 5742
5451 5740
3797 5738
282 5736
3599 5734
3563 5732
436 5730
2552 5728
3674 5726
3433 5724
5702 5722
5517 5720
3135 5718
4675 5716
5689 5714
836 5712
4247 5710
1977 5708
3344 5706
4935 5704
2752 5702
4107 5700
1592 5698
1768 5696
676 5694
1634 5692
2875 5690
3098 5688
246 5686
4896 5684
1004 5682
3116 5680
2273 5678
3356 5676
3501 5674
991 5672
4906 5670
5188 5668
803 5666
5058 5664
4163 5662
2802 5660
3058 5658
2098 5656
584 5654
5 5652
5566 5650
109 5648
232 5646
668 5644
1043 5642
4309 5640
5122 5638
5611 5636
3169 5634
186 5632
2453 5630
4238 5628
2630 5626
5208 5624
2786 5622
4244 5620
1873 5618
784 5616
3501 5614
2572 5612
2626 5610
4187 5608
5292 5606
3307 5604
955 5602
762 5600
5564 5598
5137 5596
522 5594
342 5592
2371 5590
1435 5588
2844 5586
5416 5584
601 5582
1313 5580
3927 5578
2601 5576
511 5574
1302 5572
4696 5570
3277 5568
4554 5566
2077 5564
837 5562
554 5560
171 5558
2495 5556
1543 5554
1052 5552
2232 5550
5538 5548
4009 5546
3730 5544
5280 5542
1795 5540
5537 5538
5467 5536
1311 5534
1041 5532
238 5530
4422 5528
2181 5526
4495 5524
1738 5522
3097 5520
2112 5518
3474 5516
1940 5514
1169 5512
2469 5510
881 5508
4574 5506
777 5504
233 5502
2774 5500
3308 5498
3859 5496
548 5494
5267 5492
260 5490
247 5488
3033 5486
2176 5484
1025 5482
3625 5480
88 5478
2594 5476
4612 5474
5229 5472
309 5470
3836 5468
4696 5466
3705 5464
2728 5462
2016 5460
3334 5458
1803 5456
4879 5454
1177 5452
4103 5450
4370 5448
2084 5446
4423 5444
5296 5442
3862 5440
1352 5438
4552 5436
1632 5434
5151 5432
1895 5430
3387 5428
2878 5426
3860 5424
3481 5422
1097 5420
4831 5418
1309 5416
613 5414
3676 5412
1311 5410
4906 5408
2226 5406
4707 5404
1252 5402
5019 5400
1098 5398
3469 5396
1290 5394
2833 5392
3910 5390
1344 5388
3463 5386
2456 5384
5008 5382
4635 5380
1166 5378
3046 5376
54 5374
1880 5372
3415 5370
204 5368
4367 5366
2573 5364
509 5362
2848 5360
4328 5358
2347 5356
962 5354
1677 5352
3338 5350
2684 5348
2025 5346
314 5344
1407 5342
910 5340
518 5338
2925 5336
2957 5334
4701 5332
4006 5330
1108 5328
2488 5326
3109 5324
72 5322
2561 5320
819 5318
5050 5316
2824 5314
4942 5312
193 5310
3618 5308
1974 5306
25 5304
1972 5302
2981 5300
561 5298
1985 5296
4293 5294
1065 5292
2368 5290
4653 5288
983 5286
3353 5284
1340 5282
76 5280
1011 5278
3955 5276
2379 5274
1225 5272
2380 5270
2280 5268
2441 5266
704 5264
3728 5262
1958 5260
3456 5258
2842 5256
2271 5254
1204 5252
161 5250
202 5248
661 5246
4194 5244
1519 5242
2723 5240
1161 5238
911 5236
4901 5234
3764 5232
1093 5230
2915 5228
3247 5226
2399 5224
2314 5222
4161 5220
3586 5218
3029 5216
4345 5214
4239 5212
1408 5210
3860 5208
2850 5206
4342 5204
209 5202
1076 5200
1263 5198
5114 5196
2214 5194
1540 5192
553 5190
4068 5188
4887 5186
545 5184
919 5182
3562 5180
695 5178
439 5176
1499 5174
2330 5172
4012 5170
1664 5168
4474 5166
2720 5164
1320 5162
2174 5160
3130 5158
1765 5156
385 5154
846 5152
4944 5150
4696 5148
2397 5146
3310 5144
1505 5142
4277 5140
3967 5138
1168 5136
4277 5134
2047 5132
4758 5130
3696 5128
2473 5126
4829 5124
1651 5122
1940 5120
51 5118
1403 5116
1061 5114
3530 5112
1142 5110
3774 5108
1446 5106
4533 5104
3964 5102
3783 5100
1117 5098
1996 5096
624 5094
885 5092
178 5090
736 5088
1905 5086
2348 5084
1870 5082
3850 5080
3705 5078
1485 5076
199 5074
4159 5072
747 5070
1568 5068
4141 5066
2007 5064
995 5062
4664 5060
1357 5058
2176 5056
4147 5054
3251 5052
4069 5050
586 5048
1077 5046
4536 5044
2557 5042
231 5040
4110 5038
2036 5036
1418 5034
3625 5032
3800 5030
2059 5028
4907 5026
1957 5024
4125 5022
454 5020
3090 5018
686 5016
697 5014
4074 5012
4775 5010
2093 5008
2350 5006
1210 5004
3549 5002
4897 5000
4668 4998
1626 4996
4009 4994
2886 4992
2298 4990
3525 4988
4703 4986
3623 4984
3327 4982
4473 4980
1221 4978
1173 4976
953 4974
3778 4972
1903 4970
4202 4968
3385 4966
4829 4964
1939 4962
3480 4960
1545 4958
2170 4956
4889 4954
237 4952
1823 4950
1513 4948
1151 4946
2778 4944
524 4942
3073 4940
873 4938
3633 4936
2542 4934
1195 4932
4214 4930
4446 4928
3699 4926
2232 4924
2574 4922
4703 4920
1251 4918
370 4916
1188 4914
857 4912
3995 4910
3518 4908
2413 4906
1912 4904
1483 4902
2024 4900
2524 4898
2578 4896
91 4894
627 4892
3858 4890
2171 4888
4829 4886
3640 4884
2676 4882
3779 4880
3524 4878
3391 4876
1379 4874
410 4872
3327 4870
3271 4868
2448 4866
770 4864
2972 4862
735 4860
508 4858
212 4856
1231 4854
936 4852
4070 4850
2589 4848
1384 4846
93 4844
1692 4842
1260 4840
2267 4838
1403 4836
3031 4834
3331 4832
852 4830
2750 4828
728 4826
3651 4824
3328 4822
813 4820
4253 4818
2292 4816
4084 4814
4157 4812
1325 4810
1567 4808
3449 4806
257 4804
4781 4802
3921 4800
2805 4798
4363 4796
1561 4794
3115 4792
2288 4790
4661 4788
1981 4786
2985 4784
132 4782
445 4780
933 4778
1723 4776
4369 4774
483 4772
1375 4770
4050 4768
4174 4766
3089 4764
232 4762
1276 4760
4409 4758
1818 4756
1676 4754
2548 4752
3654 4750
3171 4748
4512 4746
2572 4744
3859 4742
4532 4740
2469 4738
1727 4736
4359 4734
1171 4732
3226 4730
2737 4728
4147 4726
2110 4724
156 4722
292 4720
630 4718
1629 4716
2943 4714
1357 4712
4706 4710
3073 4708
2649 4706
2041 4704
2600 4702
1131 4700
3941 4698
1988 4696
2982 4694
2919 4692
3467 4690
898 4688
3721 4686
3922 4684
2562 4682
1424 4680
3757 4678
3817 4676
4487 4674
173 4672
1918 4670
333 4668
4178 4666
509 4664
3398 4662
2135 4660
324 4658
1696 4656
2424 4654
2250 4652
567 4650
2994 4648
1694 4646
822 4644
755 4642
2622 4640
1354 4638
1993 4636
4079 4634
3310 4632
3147 4630
1230 4628
2904 4626
4006 4624
1160 4622
1459 4620
180 4618
164 4616
1296 4614
3740 4612
3179 4610
3132 4608
3731 4606
1115 4604
2616 4602
408 4600
3604 4598
3376 4596
2994 4594
2513 4592
2804 4590
434 4588
660 4586
3902 4584
2254 4582
645 4580
4383 4578
413 4576
3662 4574
3958 4572
1562 4570
2373 4568
708 4566
1605 4564
2680 4562
4137 4560
919 4558
2047 4556
2253 4554
3156 4552
1719 4550
3942 4548
1903 4546
925 4544
414 4542
602 4540
4006 4538
3442 4536
3654 4534
148 4532
1241 4530
2178 4528
1876 4526
164 4524
1848 4522
2894 4520
2389 4518
4406 4516
1156 4514
615 4512
3901 4510
2173 4508
1947 4506
2239 4504
281 4502
2256 4500
946 4498
2054 4496
786 4494
3846 4492
3364 4490
3893 4488
3110 4486
4249 4484
1265 4482
3795 4480
4475 4478
1210 4476
4399 4474
2303 4472
1434 4470
2247 4468
2628 4466
3249 4464
609 4462
2684 4460
2456 4458
4013 4456
4177 4454
1147 4452
3916 4450
3121 4448
673 4446
2389 4444
4004 4442
2242 4440
2741 4438
2152 4436
2241 4434
4173 4432
3169 4430
3500 4428
400 4426
684 4424
801 4422
242 4420
3510 4418
1124 4416
3194 4414
2812 4412
1261 4410
1929 4408
674 4406
4041 4404
383 4402
1791 4400
2167 4398
3404 4396
1766 4394
1084 4392
2065 4390
345 4388
3033 4386
180 4384
3309 4382
3000 4380
2678 4378
1700 4376
2440 4374
1251 4372
3397 4370
3140 4368
2576 4366
1293 4364
1965 4362
1763 4360
1243 4358
4037 4356
985 4354
3450 4352
1310 4350
2644 4348
3914 4346
3044 4344
106 4342
2629 4340
1012 4338
2174 4336
4138 4334
3950 4332
1533 4330
2144 4328
1668 4326
191 4324
915 4322
1724 4320
3933 4318
681 4316
3547 4314
3039 4312
607 4310
806 4308
453 4306
336 4304
2731 4302
1643 4300
245 4298
4267 4296
3489 4294
3206 4292
1336 4290
449 4288
2064 4286
2883 4284
3730 4282
403 4280
1244 4278
450 4276
3935 4274
2021 4272
2899 4270
3652 4268
4175 4266
3877 4264
3365 4262
3458 4260
3896 4258
3162 4256
2295 4254
930 4252
3878 4250
2459 4248
3686 4246
921 4244
3226 4242
3258 4240
765 4238
476 4236
3114 4234
3205 4232
915 4230
270 4228
2422 4226
2703 4224
2514 4222
2302 4220
2820 4218
918 4216
2050 4214
1329 4212
3433 4210
1854 4208
2574 4206
920 4204
790 4202
3805 4200
3888 4198
3412 4196
3440 4194
3021 4192
2309 4190
0 4188
2506 4186
1095 4184
2355 4182
852 4180
229 4178
913 4176
2451 4174
1693 4172
731 4170
721 4168
2249 4166
457 4164
3836 4162
3808 4160
2176 4158
58 4156
715 4154
922 4152
2093 4150
3647 4148
1675 4146
2817 4144
2705 4142
1635 4140
3087 4138
1645 4136
3203 4134
501 4132
1700 4130
1065 4128
498 4126
3187 4124
3798 4122
3407 4120
443 4118
415 4116
2014 4114
1395 4112
724 4110
198 4108
1658 4106
3629 4104
1199 4102
323 4100
232 4098
1092 4096
591 4094
384 4092
754 4090
1860 4088
409 4086
381 4084
2435 4082
3747 4080
3008 4078
1383 4076
1707 4074
961 4072
1811 4070
131 4068
681 4066
3614 4064
2757 4062
3026 4060
451 4058
2861 4056
14 4054
2317 4052
2022 4050
7 4048
1983 4046
1446 4044
3614 4042
1669 4040
3641 4038
3564 4036
2974 4034
903 4032
1579 4030
3131 4028
600 4026
3480 4024
3994 4022
3981 4020
1717 4018
2679 4016
1181 4014
425 4012
2700 4010
511 4008
3933 4006
1106 4004
1285 4002
602 4000
2111 3998
1004 3996
3960 3994
2475 3992
2074 3990
2087 3988
3084 3986
212 3984
2157 3982
3117 3980
2546 3978
3860 3976
2815 3974
2202 3972
257 3970
3319 3968
1500 3966
3586 3964
2652 3962
2263 3960
982 3958
1903 3956
2135 3954
2007 3952
3600 3950
3191 3948
2914 3946
3716 3944
3089 3942
1989 3940
1513 3938
254 3936
76 3934
1732 3932
2614 3930
1998 3928
1972 3926
2845 3924
2359 3922
2893 3920
1070 3918
2848 3916
2303 3914
49 3912
1733 3910
3243 3908
3859 3906
1796 3904
436 3902
3470 3900
3886 3898
1372 3896
1674 3894
1637 3892
1699 3890
1207 3888
3035 3886
3707 3884
133 3882
2326 3880
1741 3878
670 3876
2178 3874
2907 3872
1652 3870
3476 3868
2327 3866
2653 3864
1596 3862
527 3860
1851 3858
3571 3856
1315 3854
234 3852
1778 3850
368 3848
3336 3846
1601 3844
1314 3842
49 3840
246 3838
2092 3836
1102 3834
427 3832
2927 3830
3774 3828
625 3826
55 3824
2023 3822
1900 3820
2601 3818
1414 3816
353 3814
2808 3812
3351 3810
814 3808
2279 3806
1604 3804
2268 3802
2302 3800
1539 3798
947 3796
1496 3794
1508 3792
85 3790
1973 3788
3394 3786
3271 3784
1185 3782
3121 3780
887 3778
324 3776
1460 3774
417 3772
211 3770
2185 3768
3581 3766
2651 3764
105 3762
1616 3760
2356 3758
2643 3756
1493 3754
3147 3752
325 3750
940 3748
1039 3746
1508 3744
227 3742
2612 3740
3709 3738
539 3736
1146 3734
3163 3732
2537 3730
2543 3728
304 3726
543 3724
1855 3722
372 3720
3012 3718
57 3716
2352 3714
3250 3712
2337 3710
1490 3708
2578 3706
973 3704
3423 3702
2600 3700
870 3698
1682 3696
967 3694
3574 3692
570 3690
1783 3688
1275 3686
3509 3684
2341 3682
1594 3680
3438 3678
388 3676
142 3674
2449 3672
2077 3670
2524 3668
2686 3666
987 3664
533 3662
362 3660
1977 3658
1153 3656
157 3654
1448 3652
3172 3650
2241 3648
769 3646
816 3644
2531 3642
459 3640
1123 3638
542 3636
2767 3634
822 3632
1751 3630
2069 3628
2802 3626
2154 3624
2066 3622
2885 3620
1457 3618
2510 3616
2385 3614
2505 3612
2379 3610
384 3608
2149 3606
3205 3604
1724 3602
1822 3600
1556 3598
826 3596
1651 3594
2856 3592
3396 3590
1737 3588
1201 3586
2546 3584
2791 3582
1491 3580
1191 3578
2398 3576
2677 3574
2634 3572
410 3570
2906 3568
2435 3566
2363 3564
2008 3562
2879 3560
724 3558
2707 3556
1356 3554
1729 3552
110 3550
987 3548
2292 3546
1545 3544
2168 3542
2188 3540
1261 3538
316 3536
2599 3534
2716 3532
3293 3530
2782 3528
1093 3526
2062 3524
2753 3522
2371 3520
2217 3518
1693 3516
1072 3514
1953 3512
2876 3510
515 3508
3097 3506
1922 3504
2247 3502
3048 3500
3157 3498
997 3496
3014 3494
2513 3492
2502 3490
2454 3488
2156 3486
389 3484
1395 3482
1210 3480
1533 3478
3138 3476
3120 3474
2337 3472
2186 3470
394 3468
1491 3466
3196 3464
1126 3462
2472 3460
3179 3458
2153 3456
2671 3454
2997 3452
1791 3450
1965 3448
2675 3446
266 3444
2994 3442
1155 3440
2463 3438
75 3436
3189 3434
3092 3432
1287 3430
2779 3428
2363 3426
3118 3424
2543 3422
2274 3420
1105 3418
1719 3416
3175 3414
396 3412
579 3410
3323 3408
2762 3406
2340 3404
1657 3402
81 3400
2328 3398
2837 3396
1407 3394
3036 3392
2403 3390
2473 3388
2515 3386
1549 3384
706 3382
1038 3380
2976 3378
2357 3376
2032 3374
2739 3372
2323 3370
3247 3368
1954 3366
2873 3364
2334 3362
518 3360
78 3358
1307 3356
2590 3354
2146 3352
767 3350
1999 3348
2558 3346
3073 3344
851 3342
867 3340
1234 3338
2669 3336
2541 3334
532 3332
1669 3330
2719 3328
2321 3326
470 3324
1989 3322
2434 3320
3207 3318
1961 3316
380 3314
977 3312
106 3310
525 3308
2320 3306
1220 3304
1084 3302
726 3300
261 3298
1465 3296
1453 3294
752 3292
704 3290
538 3288
1531 3286
1030 3284
3154 3282
2002 3280
306 3278
1214 3276
3239 3274
1914 3272
2217 3270
1962 3268
1252 3266
3154 3264
2643 3262
600 3260
2261 3258
1509 3256
270 3254
1708 3252
1395 3250
3167 3248
3074 3246
384 3244
509 3242
1184 3240
1014 3238
2260 3236
3118 3234
2012 3232
2746 3230
1155 3228
2038 3226
280 3224
652 3222
2405 3220
2170 3218
1492 3216
2103 3214
1425 3212
488 3210
1511 3208
473 3206
530 3204
1641 3202
2266 3200
524 3198
3176 3196
178 3194
724 3192
2615 3190
1030 3188
2803 3186
2392 3184
2972 3182
1480 3180
2042 3178
2702 3176
2712 3174
2457 3172
2624 3170
40 3168
2210 3166
92 3164
1447 3162
915 3160
2563 3158
428 3156
519 3154
3139 3152
2275 3150
3027 3148
1743 3146
928 3144
824 3142
725 3140
3001 3138
88 3136
2563 3134
258 3132
1964 3130
561 3128
2226 3126
2752 3124
961 3122
375 3120
2341 3118
1541 3116
477 3114
1488 3112
1418 3110
486 3108
1818 3106
1696 3104
283 3102
1613 3100
680 3098
1081 3096
1073 3094
1491 3092
1448 3090
517 3088
1773 3086
393 3084
2020 3082
1420 3080
546 3078
817 3076
821 3074
1636 3072
964 3070
2717 3068
148 3066
191 3064
719 3062
1373 3060
518 3058
967 3056
2992 3054
2980 3052
2669 3050
2201 3048
1885 3046
2792 3044
2088 3042
965 3040
387 3038
1272 3036
2685 3034
1719 3032
2823 3030
1818 3028
2847 3026
14 3024
2734 3022
2925 3020
168 3018
2208 3016
2382 3014
1841 3012
2366 3010
1433 3008
893 3006
1791 3004
1491 3002
1739 3000
1665 2998
2208 2996
2933 2994
805 2992
526 2990
2354 2988
861 2986
503 2984
2219 2982
1468 2980
2888 2978
2016 2976
2381 2974
2748 2972
2520 2970
1811 2968
1423 2966
2799 2964
376 2962
2666 2960
528 2958
2337 2956
2663 2954
1753 2952
2564 2950
1090 2948
870 2946
332 2944
588 2942
2515 2940
2609 2938
2035 2936
1299 2934
1901 2932
703 2930
7 2928
520 2926
776 2924
887 2922
2162 2920
327 2918
2200 2916
1893 2914
2295 2912
1155 2910
2617 2908
2718 2906
2732 2904
833 2902
2001 2900
1714 2898
800 2896
1542 2894
2691 2892
1064 2890
1533 2888
528 2886
2132 2884
1195 2882
2428 2880
300 2878
955 2876
1372 2874
2160 2872
533 2870
2258 2868
2657 2866
198 2864
899 2862
990 2860
2429 2858
2005 2856
2361 2854
181 2852
729 2850
2300 2848
2499 2846
923 2844
537 2842
1135 2840
813 2838
1042 2836
1939 2834
560 2832
2681 2830
2444 2828
2363 2826
1179 2824
1409 2822
2466 2820
619 2818
1923 2816
983 2814
2721 2812
240 2810
757 2808
1951 2806
2748 2804
1492 2802
1957 2800
2705 2798
456 2796
27 2794
1731 2792
2629 2790
684 2788
1129 2786
1603 2784
2627 2782
1930 2780
2495 2778
533 2776
1671 2774
1265 2772
1111 2770
1430 2768
2651 2766
545 2764
1015 2762
1906 2760
2127 2758
1053 2756
573 2754
593 2752
605 2750
240 2748
156 2746
1921 2744
548 2742
25 2740
344 2738
149 2736
726 2734
1872 2732
1017 2730
1550 2728
1573 2726
403 2724
2201 2722
1976 2720
2046 2718
2221 2716
2430 2714
8 2712
322 2710
2561 2708
2161 2706
1030 2704
2400 2702
2313 2700
842 2698
103 2696
2445 2694
1117 2692
810 2690
2291 2688
2298 2686
492 2684
2607 2682
2519 2680
50 2678
2477 2676
1969 2674
621 2672
933 2670
81 2668
398 2666
771 2664
1113 2662
1960 2660
319 2658
317 2656
338 2654
1898 2652
2392 2650
2089 2648
1140 2646
1653 2644
2596 2642
1449 2640
2530 2638
889 2636
134 2634
182 2632
2450 2630
284 2628
652 2626
1769 2624
564 2622
2592 2620
2267 2618
1784 2616
2413 2614
276 2612
1959 2610
931 2608
1804 2606
2168 2604
2149 2602
156 2600
794 2598
927 2596
2174 2594
1954 2592
685 2590
1596 2588
688 2586
1793 2584
2184 2582
273 2580
2311 2578
1361 2576
234 2574
289 2572
2283 2570
1827 2568
2287 2566
1034 2564
1963 2562
1998 2560
2171 2558
961 2556
783 2554
1789 2552
2022 2550
314 2548
1228 2546
191 2544
1982 2542
1508 2540
1237 2538
2054 2536
106 2534
2198 2532
699 2530
2416 2528
976 2526
1837 2524
491 2522
470 2520
1315 2518
2385 2516
30 2514
506 2512
2157 2510
200 2508
288 2506
1322 2504
345 2502
263 2500
198 2498
1686 2496
2102 2494
2388 2492
2351 2490
1870 2488
805 2486
820 2484
1103 2482
1566 2480
2112 2478
2463 2476
91 2474
1684 2472
156 2470
1127 2468
690 2466
1436 2464
1330 2462
1978 2460
1044 2458
1138 2456
216 2454
1927 2452
748 2450
866 2448
1436 2446
2010 2444
105 2442
1520 2440
2334 2438
1713 2436
1645 2434
198 2432
462 2430
1643 2428
87 2426
371 2424
641 2422
1947 2420
675 2418
2292 2416
1595 2414
1250 2412
1655 2410
1 2408
2093 2406
1913 2404
167 2402
2238 2400
942 2398
1898 2396
1306 2394
1425 2392
1198 2390
744 2388
1623 2386
698 2384
211 2382
202 2380
723 2378
304 2376
438 2374
743 2372
2031 2370
1984 2368
34 2366
2195 2364
502 2362
930 2360
482 2358
2145 2356
475 2354
1311 2352
402 2350
1596 2348
1289 2346
1085 2344
204 2342
307 2340
627 2338
125 2336
1807 2334
841 2332
851 2330
204 2328
80 2326
2042 2324
1302 2322
1200 2320
826 2318
2303 2316
511 2314
225 2312
245 2310
95 2308
1324 2306
1668 2304
439 2302
1108 2300
732 2298
28 2296
737 2294
225 2292
407 2290
1185 2288
273 2286
1626 2284
1029 2282
335 2280
278 2278
1881 2276
2232 2274
1297 2272
434 2270
649 2268
1394 2266
1432 2264
940 2262
2192 2260
2061 2258
751 2256
1554 2254
60 2252
798 2250
1510 2248
798 2246
306 2244
1852 2242
1671 2240
1157 2238
125 2236
637 2234
1329 2232
773 2230
1260 2228
1027 2226
928 2224
440 2222
1607 2220
59 2218
1007 2216
809 2214
1454 2212
2000 2210
2051 2208
582 2206
360 2204
962 2202
1601 2200
976 2198
1941 2196
2088 2194
764 2192
1903 2190
929 2188
1992 2186
1574 2184
20 2182
308 2180
1884 2178
471 2176
41 2174
154 2172
641 2170
225 2168
2055 2166
130 2164
427 2162
1696 2160
15 2158
1127 2156
22 2154
1018 2152
1385 2150
321 2148
270 2146
771 2144
1897 2142
223 2140
460 2138
1250 2136
1122 2134
17 2132
344 2130
1126 2128
234 2126
829 2124
479 2122
1723 2120
675 2118
1298 2116
1515 2114
1463 2112
538 2110
1618 2108
1612 2106
455 2104
603 2102
622 2100
318 2098
748 2096
1487 2094
423 2092
51 2090
447 2088
1103 2086
577 2084
618 2082
604 2080
288 2078
583 2076
1049 2074
472 2072
396 2070
802 2068
562 2066
1417 2064
1707 2062
1000 2060
676 2058
1694 2056
181 2054
1265 2052
1009 2050
1967 2048
1469 2046
954 2044
1415 2042
376 2040
561 2038
1859 2036
966 2034
1142 2032
1287 2030
993 2028
264 2026
1847 2024
1186 2022
478 2020
1219 2018
643 2016
463 2014
1173 2012
1210 2010
320 2008
77 2006
112 2004
606 2002
1367 2000
690 1998
1119 1996
143 1994
1808 1992
1232 1990
1841 1988
789 1986
1252 1984
1738 1982
346 1980
1784 1978
1751 1976
896 1974
26 1972
430 1970
1204 1968
1931 1966
152 1964
635 1962
866 1960
791 1958
1153 1956
1727 1954
1380 1952
1032 1950
1402 1948
1488 1946
1781 1944
830 1942
752 1940
552 1938
809 1936
1496 1934
96 1932
520 1930
1187 1928
1516 1926
1006 1924
437 1922
815 1920
695 1918
1058 1916
1790 1914
588 1912
1342 1910
868 1908
1852 1906
626 1904
105 1902
358 1900
1509 1898
926 1896
1367 1894
137 1892
1526 1890
1819 1888
717 1886
1062 1884
1692 1882
829 1880
846 1878
1240 1876
227 1874
1232 1872
1062 1870
567 1868
655 1866
1470 1864
1330 1862
1215 1860
529 1858
1451 1856
1440 1854
1541 1852
386 1850
104 1848
1455 1846
1660 1844
1304 1842
699 1840
535 1838
780 1836
1360 1834
1408 1832
1064 1830
728 1828
637 1826
1316 1824
1342 1822
538 1820
1407 1818
196 1816
433 1814
876 1812
217 1810
835 1808
1187 1806
464 1804
688 1802
36 1800
1566 1798
1679 1796
1717 1794
759 1792
1205 1790
1204 1788
1516 1786
1771 1784
44 1782
468 1780
239 1778
294 1776
400 1774
971 1772
714 1770
1267 1768
912 1766
1581 1764
1008 1762
773 1760
872 1758
719 1756
431 1754
70 1752
1547 1750
440 1748
965 1746
1393 1744
963 1742
1396 1740
134 1738
1266 1736
1064 1734
1394 1732
617 1730
1453 1728
100 1726
1528 1724
1166 1722
267 1720
91 1718
886 1716
806 1714
906 1712
276 1710
481 1708
855 1706
1414 1704
848 1702
1627 1700
618 1698
1228 1696
310 1694
1033 1692
709 1690
1417 1688
982 1686
242 1684
764 1682
1108 1680
1627 1678
1455 1676
683 1674
1241 1672
1060 1670
1282 1668
946 1666
853 1664
223 1662
603 1660
1033 1658
479 1656
929 1654
853 1652
8 1650
323 1648
152 1646
361 1644
1601 1642
1040 1640
554 1638
234 1636
1092 1634
1193 1632
725 1630
839 1628
1138 1626
1145 1624
1403 1622
916 1620
1427 1618
411 1616
906 1614
744 1612
1609 1610
221 1608
689 1606
153 1604
1156 1602
1067 1600
1046 1598
1131 1596
1112 1594
557 1592
747 1590
1341 1588
180 1586
609 1584
171 1582
547 1580
632 1578
1063 1576
380 1574
291 1572
477 1570
519 1568
640 1566
1431 1564
1522 1562
833 1560
657 1558
1013 1556
585 1554
744 1552
598 1550
1162 1548
1191 1546
56 1544
279 1542
761 1540
1219 1538
1349 1536
986 1534
658 1532
1094 1530
765 1528
1415 1526
1382 1524
194 1522
403 1520
494 1518
30 1516
706 1514
298 1512
1101 1510
1106 1508
588 1506
619 1504
819 1502
643 1500
904 1498
1052 1496
585 1494
1139 1492
350 1490
1100 1488
1457 1486
591 1484
1063 1482
1478 1480
1229 1478
1220 1476
753 1474
1224 1472
1272 1470
560 1468
1418 1466
827 1464
930 1462
958 1460
420 1458
648 1456
615 1454
833 1452
611 1450
426 1448
1154 1446
1238 1444
331 1442
1275 1440
622 1438
1089 1436
536 1434
542 1432
963 1430
957 1428
997 1426
1332 1424
7 1422
103 1420
1007 1418
99 1416
1006 1414
533 1412
1066 1410
1257 1408
294 1406
13 1404
638 1402
437 1400
530 1398
241 1396
790 1394
11 1392
1256 1390
744 1388
1347 1386
1096 1384
759 1382
406 1380
757 1378
428 1376
1153 1374
854 1372
219 1370
587 1368
216 1366
1160 1364
147 1362
864 1360
486 1358
3 1356
1266 1354
43 1352
1020 1350
1219 1348
76 1346
824 1344
622 1342
881 1340
449 1338
1179 1336
1306 1334
83 1332
32 1330
1166 1328
830 1326
504 1324
927 1322
470 1320
471 1318
729 1316
1045 1314
61 1312
462 1310
33 1308
472 1306
530 1304
418 1302
677 1300
226 1298
834 1296
616 1294
905 1292
1162 1290
870 1288
350 1286
59 1284
317 1282
813 1280
887 1278
985 1276
323 1274
143 1272
107 1270
775 1268
274 1266
815 1264
901 1262
414 1260
829 1258
1068 1256
741 1254
726 1252
850 1250
202 1248
737 1246
467 1244
1098 1242
937 1240
946 1238
450 1236
26 1234
487 1232
387 1230
593 1228
914 1226
359 1224
944 1222
396 1220
161 1218
429 1216
425 1214
680 1212
1090 1210
853 1208
345 1206
1114 1204
172 1202
972 1200
747 1198
464 1196
91 1194
656 1192
1050 1190
179 1188
874 1186
850 1184
862 1182
1043 1180
771 1178
265 1176
898 1174
681 1172
899 1170
927 1168
462 1166
684 1164
1109 1162
426 1160
703 1158
196 1156
307 1154
1117 1152
284 1150
266 1148
24 1146
338 1144
680 1142
930 1140
1119 1138
704 1136
527 1134
544 1132
1094 1130
849 1128
645 1126
259 1124
567 1122
368 1120
797 1118
18 1116
595 1114
86 1112
116 1110
479 1108
1067 1106
917 1104
553 1102
102 1100
604 1098
441 1096
990 1094
372 1092
230 1090
499 1088
61 1086
691 1084
662 1082
841 1080
392 1078
24 1076
352 1074
186 1072
798 1070
934 1068
231 1066
441 1064
1032 1062
939 1060
283 1058
510 1056
777 1054
178 1052
684 1050
730 1048
772 1046
511 1044
800 1042
463 1040
763 1038
662 1036
698 1034
670 1032
961 1030
138 1028
1025 1026
385 1024
202 1022
423 1020
118 1018
819 1016
773 1014
818 1012
925 1010
949 1008
568 1006
899 1004
655 1002
839 1000
471 998
464 996
891 994
456 992
276 990
95 988
902 986
869 984
314 982
228 980
850 978
163 976
964 974
295 972
262 970
264 968
685 966
908 964
420 962
773 960
630 958
238 956
470 954
381 952
108 950
310 948
228 946
171 944
605 942
299 940
676 938
812 936
372 934
615 932
921 930
583 928
63 926
419 924
464 922
406 920
522 918
630 916
93 914
177 912
548 910
99 908
8 906
771 904
349 902
486 900
185 898
315 896
427 894
847 892
853 890
613 888
884 886
688 884
297 882
795 880
398 878
519 876
70 874
416 872
126 870
200 868
483 866
303 864
516 862
625 860
252 858
139 856
171 854
87 852
457 850
544 848
422 846
658 844
707 842
694 840
767 838
302 836
100 834
770 832
231 830
608 828
124 826
241 824
644 822
605 820
410 818
368 816
587 814
115 812
231 810
682 808
381 806
233 804
289 802
755 800
280 798
312 796
136 794
394 792
16 790
687 788
660 786
44 784
653 782
84 780
18 778
534 776
289 774
734 772
409 770
455 768
435 766
82 764
551 762
722 760
455 758
223 756
360 754
493 752
428 750
395 748
688 746
45 744
93 742
625 740
77 738
439 736
635 734
176 732
67 730
586 728
697 726
377 724
307 722
456 720
288 718
492 716
165 714
316 712
675 710
613 708
128 706
145 704
52 702
599 700
23 698
20 696
405 694
0 692
380 690
676 688
671 686
597 684
310 682
298 680
217 678
204 676
507 674
519 672
220 670
578 668
23 666
86 664
579 662
20 660
173 658
248 656
532 654
580 652
102 650
207 648
338 646
609 644
310 642
594 640
587 638
532 636
51 634
386 632
108 630
0 628
372 626
92 624
618 622
94 620
237 618
551 616
570 614
409 612
266 610
44 608
20 606
388 604
202 602
345 600
386 598
40 596
93 594
163 592
307 590
267 588
272 586
139 584
384 582
242 580
307 578
289 576
454 574
132 572
523 570
243 568
319 566
360 564
291 562
24 560
53 558
337 556
235 554
202 552
455 550
259 548
60 546
416 544
424 542
339 540
534 538
381 536
198 534
341 532
386 530
395 528
229 526
451 524
103 522
17 520
181 518
501 516
193 514
173 512
387 510
181 508
150 506
462 504
176 502
265 500
388 498
352 496
181 494
351 492
276 490
303 488
11 486
380 484
6 482
103 480
372 478
252 476
58 474
456 472
87 470
214 468
79 466
70 464
133 462
254 460
355 458
20 456
435 454
385 452
180 450
240 448
94 446
231 444
190 442
407 440
325 438
303 436
399 434
289 432
142 430
346 428
281 426
226 424
268 422
3 420
151 418
257 416
161 414
151 412
99 410
260 408
268 406
317 404
386 402
316 400
100 398
328 396
246 394
186 392
21 390
166 388
377 386
311 384
271 382
268 380
38 378
269 376
163 374
209 372
311 370
68 368
144 366
6 364
170 362
254 360
99 358
310 356
230 354
86 352
188 350
10 348
268 346
134 344
134 342
310 340
319 338
85 336
199 334
241 332
230 330
142 328
318 326
219 324
299 322
189 320
313 318
54 316
250 314
67 312
236 310
224 308
135 306
69 304
112 302
287 300
92 298
35 296
293 294
280 292
178 290
137 288
46 286
137 284
140 282
134 280
229 278
190 276
139 274
61 272
246 270
199 268
99 266
141 264
49 262
192 260
9 258
176 256
217 254
212 252
32 250
151 248
188 246
59 244
113 242
140 240
210 238
60 236
34 234
79 232
126 230
162 228
141 226
29 224
102 222
32 220
94 218
13 216
82 214
166 212
28 210
150 208
27 206
165 204
23 202
30 200
185 198
128 196
122 194
10 192
21 190
42 188
124 186
56 184
169 182
124 180
100 178
89 176
24 174
10 172
46 170
23 168
115 166
4 164
12 162
74 160
49 158
46 156
95 154
126 152
39 150
49 148
104 146
103 144
64 142
77 140
39 138
131 136
82 134
126 132
117 130
28 128
4 126
80 124
54 122
40 120
103 118
39 116
66 114
85 112
37 110
17 108
21 106
23 104
67 102
94 100
89 98
95 96
19 94
49 92
14 90
26 88
64 86
57 84
79 82
23 80
8 78
32 76
12 74
29 72
29 70
10 68
36 66
22 64
58 62
24 60
30 58
13 56
36 54
30 52
28 50
33 48
44 46
39 44
24 42
29 40
28 38
28 36
25 34
26 32
2 30
2 28
25 26
21 24
6 22
11 20
12 18
10 16
3 14
5 12
0 10
2 8
5 6
3 4
1 2
